0 0 0
2.07673 0.391912 -37.3261
3.13795 -104.018 -9.36446
-9.4983 -32.6337 -22.5576
0.89604 -0.248168 -170.186
0.161667 -1.06817 -342.133
0.064626 0.0274002 384.076
-0.614883 0.777414 -246.847
-363.247 89.2737 -0.48198
0.249957 -2.55566 323.779
1.10803 0.897588 -287.665
1.00047 -0.787688 -258.945
-0.504384 1.46764 418.494
-0.765067 0.485941 212.497
1.47962 0.503837 69.7714
0.657921 0.517878 -463.622
0.124149 0.0894969 -501.406
0.950426 2.55615 266.323
0.207192 -0.300614 136.295
0.275162 -0.763608 -492.538
-0.471612 2.49338 298.825
2.38955 -2.18892 -95.731
-0.700564 -0.134637 176.309
1.91483 -2.79334 23.193
-0.0614303 1.23696 480.763
0.375408 -0.155464 338.507
0.903601 1.07835 397.587
-0.126689 0.301974 186.148
0.0371368 0.154051 335.677
0.145349 0.477267 373.258
-0.0719308 -0.00141099 163.402
-0.208628 0.15059 -283.994
0.0485526 -0.00459707 464.767
-0.221079 0.464741 374.738
0.0207921 0.00750961 -99.8378
-0.151518 0.413432 -360.581
-0.0178094 0.00216983 502.412
0.0861487 -0.446369 349.098
-0.323022 1.95728 342.761
0.0442117 -0.000354208 131.931
0.204864 0.786204 467.587
12.0701 8.31103 -30.2099
2.86066 1.47287 -36.7482
-0.0332577 -0.632456 467.992
11.6735 -14.5348 29.6276
-0.453771 0.16915 357.428
-0.860766 0.194691 100.086
0.507642 1.5203 297.807
-0.0911254 -1.7061 304.628
-0.920515 1.03492 482.118
-0.318542 -0.0493025 -269.87
-0.698475 0.313639 231.634
0.40667 -0.0662539 -364.748
-0.052467 0.000343959 75.3851
-1.11517 -0.836898 359.429
-1.04171 0.271036 -101.04
-0.631129 -0.330604 -231.513
0.813281 -2.28236 -266.351
2.40974 -1.92513 67.7669
0.754662 1.14478 498.348
-0.0318218 -0.00253905 -100.372
0.709334 1.44464 335.238
5.72209 9.04393 52.2788
1.85199 -4.41832 66.7673
-1.31372 2.83908 142.238
1.23172 2.32025 291.192
-0.0345511 -0.0212677 -281.64
0.501496 -0.191344 363.696
-0.261157 0.227113 -252.759
0.263837 0.479379 -268.042
-0.531833 -2.46895 -185.778
1.24303 -0.685203 -283.751
0.820972 -0.704498 -271.595
0.821966 0.408084 346.497
0.447723 -1.89241 468.562
0.485339 -1.16372 -347.927
-1.40548 -5.34492 103.158
0.350507 1.2961 -204.732
0.368786 -0.0974943 -245.561
-0.0395158 0.0510017 -391.381
0.0136028 -0.0300693 -448.398
-0.883742 0.371734 338.496
-0.0816834 -0.604369 -474.649
-0.367081 0.176151 -252.222
-0.00835583 -9.67873e-05 -420.95
-4.83286 3.51723 -76.6565
-0.589787 -0.376719 309.013
1.76325 14.5326 -59.9317
0.125221 -0.00730074 119.264
-1.55537 -5.83579 59.1693
1.81389 -0.627576 -82.3476
0.626613 -0.0262037 50.1819
-0.934365 0.983154 431.918
0.658083 -2.88475 -172.339
-0.563626 -0.32704 371.759
-0.077822 0.0393409 -365.361
0.102489 -0.817651 449.497
-0.0533361 0.320639 462.144
-0.139411 -1.34844 172.582
3.53794 -7.81423 47.9742
-0.238198 -1.64728 455.244
-1.24526 -1.06168 -381.862
0.563894 -0.855369 324.75
-0.174433 0.0195933 225.971
33.702 -19.1459 11.5331
-6.86317 -6.8086 64.3947
12.3798 6.75568 -24.1337
-55.1091 22.2707 5.51508
-0.565961 2.58257 198.352
-0.832959 1.69593 -416.919
-0.57021 0.851397 393.879
0.405512 -0.43528 356.5
-2.14608 0.757059 18.1713
-2.69129 1.60801 49.1883
1.23578 -6.97274 9.7756
0.163092 0.245839 303.563
-0.129863 0.31367 142.157
-0.601241 -0.67227 485.487
1.46941 0.32961 63.2732
0.259153 1.42466 -66.3333
0.100784 0.0274222 -338.761
-0.021039 0.00448008 -138.65
-1.2284 -0.255571 -56.1384
-0.180171 0.110559 357.041
1.76856 0.557969 113.709
0.604552 -1.24969 -398.081
0.937006 -0.865356 -472.73
-3.15154 -5.12354 -123.625
-0.0416065 -0.00389531 -439.636
0.701959 -1.50957 -448.377
-0.212273 -0.247484 -494.648
-0.245978 -1.62923 254.169
-1.5463 1.56725 -246.628
-0.345811 0.0393752 282.517
0.0666141 -0.00389569 389.441
-0.445954 -0.590146 -494.524
-0.763586 0.299309 351.111
-0.0477511 0.216594 -354.566
-1.08412 -2.26492 -280.495
1.88951 -1.27127 -126.848
0.332115 -0.248014 155.797
0.593762 0.0818535 207.619
0.328068 0.247655 459.966
0.110074 -0.0280518 -446.605
-1.15057 -1.18235 328.324
-0.481015 3.53449 -273.048
0.396815 3.20254 197.674
-1.21604 -2.50342 -230.241
-0.667651 1.89212 -398.304
0.50482 -0.0976111 225.813
0.367857 -0.0594784 -352.179
0.216696 1.2325 -185.702
-0.00773299 3.09314e-05 301.585
-0.0421057 2.03376 -367.525
-0.0598659 -0.00159307 -339.239
-0.0651148 0.023796 -402.825
-0.0367811 -0.176088 442.553
-1.79159 -1.11065 -137.12
-0.176839 0.00218324 -69.1397
0.85263 -1.19476 381.372
0.0135541 0.0705698 474.001
1.14833 -1.06132 136.738
-0.524241 -0.24064 -495.511
-1.42155 1.6998 199.313
4.49915 3.44189 82.9875
0.434735 0.547918 372.508
0.233914 0.0264761 -420.748
0.208612 -0.0674454 -427.882
-0.673303 -0.289819 -451.576
0.536731 1.03398 504.839
0.152087 0.290884 498.55
0.150188 2.04367 260.605
-1.57049 4.90317 110.576
0.376543 -0.450182 -447.855
0.882218 0.737912 397.234
-0.519838 0.252368 376.087
0.960923 0.336147 -131.274
0.505225 1.92417 411.035
0.0677286 0.214309 -368.179
0.601807 -0.481992 -284.094
0.366755 -0.202195 -459.68
199.507 7.7646 0.0777985
-1.894 -4.23331 159.38
-0.230788 0.0204979 -326.903
1.04134 -2.17171 -234.725
1.71994 -1.34791 -271.506
0.514427 -3.62626 135.37
-0.621381 -0.449444 -382.022
0.424673 2.36247 178.715
-2.19125 -1.38942 170.776
-1.57705 -0.284384 69.4719
2.81462 -1.51617 -76.3864
2.01862 0.516694 -24.6316
0.73973 0.669408 -300.122
0.620664 1.48898 473.591
1.69184 2.33832 -255.722
0.543398 3.32625 147.331
0.298055 0.0044485 -43.9524
-0.365267 0.56698 488.091
0.103058 0.975277 -392.91
-1.34217 -2.49703 196.934
12.9718 -18.7149 -33.3453
-0.540121 -0.753889 -381.376
0.336041 1.75764 -173.165
0.338083 -0.935597 449.941
1.39783 1.16562 -105.424
0.114172 0.333919 -324.243
0.58513 0.551543 171.158
0.494464 -0.301921 -221.008
5.24603 -14.4161 22.6892
0.319194 -0.0895399 401.577
-0.401113 -1.69888 316.837
-0.0269879 -0.000388753 -207.316
-4.35026 9.88233 66.8028
0.519983 0.135261 -301.084
-1.41857 3.51118 -228.568
0.364077 0.896921 -481.435
0.809252 1.50429 441.977
-4.7759 -2.95881 -68.0057
-0.838965 4.62308 -122.163
-0.0573586 0.185991 368.165
0.174111 -0.0643815 -465.664
0.152612 0.0120021 427.414
0.16731 0.0312643 415.06
-0.449033 -2.27676 -405.655
0.745632 1.33395 -374.869
-1.10605 1.28034 237.044
0.215792 -0.0303373 426.977
3.82232 -0.916273 -57.0192
0.0262604 0.00492814 496.743
1.50222 -2.18055 -253.263
4.05802 -4.50665 -77.0737
-0.956958 1.68209 -322.55
0.738211 1.011 290.907
-5.96506 -7.91669 -67.2649
-0.256963 -2.24535 -110.184
-2.60984 3.93069 -108.783
-2.53438 -4.70417 -60.6786
0.997526 0.288132 -187.933
-0.575373 -0.43375 422.265
0.700592 -0.00334503 6.27364
0.0563486 -1.70933 399.048
2.50203 -1.81082 86.7116
-0.0379277 -0.0044136 440.055
0.386232 0.79782 -487.849
0.233602 -0.899064 97.8978
0.371393 0.52965 404.042
-0.918642 0.682524 -497.65
1.12232 0.617727 -187.489
-6.61784 -3.91854 -36.6299
-0.730111 4.27762 179.409
-0.118889 0.604314 -448.859
0.585345 0.427612 359.403
0.190416 2.0859 342.252
-0.186451 0.0357649 -471.618
-1.39772 0.289976 -88.3737
0.323398 0.486393 -318.474
-0.0666613 0.211752 211.097
-0.219301 0.135713 193.67
-0.761455 1.81699 437.475
-0.53039 -0.179664 -263.241
1.05869 5.65176 -148.025
26.9454 -30.4094 17.1581
5.20562 8.33222 20.8743
-0.768037 2.16029 123.205
-1.1189 -1.42216 -394.032
-2.53885 -3.61444 -167.729
0.0726031 0.112306 422.967
-0.560472 0.184498 370.072
-1.73204 -1.41667 -224.824
-0.343157 -0.492692 334.934
-0.778387 0.138935 -207.698
0.460237 2.78772 272.991
0.161597 -0.123179 306.573
-0.450321 -2.55669 -154.287
-1.11936 1.23351 -397.508
-0.109854 0.0625306 93.2128
-0.55883 1.15936 173.686
-0.335945 0.115007 458.013
-0.222671 -1.68537 442.702
0.247754 0.568636 -299.273
-0.132472 -0.25165 385.447
0.498204 -0.435733 -472.676
0.0302367 0.0706636 410.74
-1.68831 -1.90469 -281.052
-0.410758 0.1347 401.49
6.0687 -4.23661 -70.3339
-0.288415 -0.0571154 -338.901
-0.0742624 -0.00283066 333.085
0.0595175 -0.00183392 -351.92
0.131304 0.106902 233.844
-0.934861 0.700269 -384.56
4.38387 -5.86025 98.6739
0.578489 -2.20697 324.097
9.06657 32.6282 -22.5332
0.0669884 0.338663 -462.205
0.902685 1.51062 485.87
-1.84052 -2.27287 -42.2021
1.11923 2.10225 222.075
-5.0177 4.25778 55.1414
0.317453 -0.876696 167.199
0.327664 -0.0193035 -75.5159
-1.26074 2.87175 -178.243
1.10796 0.368954 76.0411
-3.74702 1.91089 93.3046
0.314893 -1.40488 361.724
1.15471 1.47314 347.387
5.44368 -4.88404 -26.5953
-0.112619 -0.0794014 246.272
0.494078 0.0815577 -232.151
1.81211 -0.61815 68.4576
0.576453 0.609053 296.935
-1.66404 0.15159 18.6679
1.0228 -1.69311 -265.949
3.22537 3.40638 127.289
-1.22361 -9.51489 -59.9461
-0.672266 2.01359 380.777
-5.28498 -4.6649 -73.9519
-0.00888419 -0.965804 216.751
-6.81707 -19.9537 27.6159
-0.399532 -0.25615 447.246
2.07394 7.86922 40.3253
0.275664 3.47788 -198.079
1.06996 -1.10438 444.504
2.37732 -1.27454 -151.781
-0.0252564 -0.000542939 -420.93
-0.864725 0.686212 350.517
-0.558783 -0.146645 276.973
0.0577975 0.00224009 458.75
0.0214504 0.0619383 316.634
0.0117946 -0.000840504 -458.815
-1.18281 9.68618 72.4997
-2.0579 -2.65672 -211.805
-0.0305731 -0.00196759 282.872
0.111954 0.00414012 -119.307
1.9664 2.544 234.303
0.486512 0.173906 -256.924
-0.347824 0.729117 148.545
-0.313704 0.154195 -214.542
-0.0170253 -0.0914584 367.198
0.761205 13.1904 -66.0887
0.583222 0.227762 -212.884
-0.295662 0.0693667 470.778
4.13557 2.38983 -42.9343
-0.109284 -0.30851 348.036
1.93497 -5.34886 -115.545
-0.761893 2.5924 -279.03
-0.364902 -0.0358321 245.24
0.454945 -1.55615 474.949
-0.454654 0.873459 -479.704
-5.39513 2.99367 17.8364
-0.0737809 -0.0274738 -426.544
0.486723 0.0979767 -301.196
0.132735 0.041039 390.157
-3.01808 5.05419 -140.295
-1.18034 0.148307 81.4314
-1.41509 -0.479169 107.467
0.0471689 0.0138578 -263.322
-0.224754 0.251968 -102.216
-0.0244691 -3.3919 172.773
-0.469406 0.570109 -435.304
-0.137586 -0.917418 -474.678
-0.216604 0.414011 -228.372
-0.432576 -0.0845228 408.793
0.795619 -0.293967 55.8408
0.252114 3.86886 185.224
-2.19311 -1.18248 145.502
-0.108229 -0.00967108 383.453
-0.0909752 0.0182757 276.064
0.309621 0.627759 121.606
-3.59327 -3.32371 -105.321
0.0570627 1.25518 273.228
-0.323365 -1.78312 430.039
0.660257 -1.53482 -486.134
-0.73228 0.731246 -89.534
0.0139143 0.000108675 452.405
-0.00245437 -0.0705321 97.3198
-0.0215805 -0.00187234 -332.836
-0.534783 0.216456 -472.008
2.0594 9.3751 90.6737
-0.780721 0.5367 507.734
0.414641 -0.220668 218.933
-6.50217 9.55919 -27.0797
-9.21512 7.83252 -32.8249
0.237819 0.265467 -450.709
0.373197 0.0973022 -363.915
0.0311834 -7.53338 -97.3811
0.40781 0.192595 340.174
0.796103 1.69974 278.726
-0.347736 -0.392282 278.151
-0.502084 -2.00304 392.208
-1.2989 -0.89835 359.352
5.59426 8.56534 52.2499
0.184243 -0.0215807 383.041
0.216609 1.98736 411.332
-0.524759 0.491222 -315.664
3.61933 5.02869 64.7257
0.255974 -0.0733088 351.301
-0.3495 0.713018 280.513
0.373162 -5.12129 -185.208
0.350579 -0.164971 -440.703
-0.541476 0.39836 -353.127
5.66464 5.80484 -61.2366
-1.50217 0.547041 -182.911
-0.534246 -0.38048 252.565
-0.271224 0.145626 -352.844
-1.71064 1.40954 -290.405
-3.21129 -4.63723 -48.3352
-0.896861 -1.74126 423.164
1.82802 -1.2292 -189.68
1.19504 -2.45483 318.207
-0.00100951 -9.66807 -91.1064
1.51216 1.52974 152.379
-0.0732371 -0.0535803 434.803
-0.408456 -0.0568418 -232.201
2.86552 2.27608 83.0239
-0.268368 -1.71353 235.309
0.438048 1.28686 -405.922
2.14956 -0.994969 -38.5661
-1.05456 1.1809 -309.56
8.83846 -12.5612 29.5007
-3.4599 -2.92461 101.934
-0.580135 0.453887 -353.186
0.92392 -1.08843 86.2307
-122.624 -95.2328 1.32065
0.395583 -1.92289 -467.692
0.0653678 -0.0891956 -498.248
0.449631 1.7182 134.577
-0.146028 0.0105605 188.351
1.71891 -3.72099 -102.807
0.281881 -0.106185 -25.8533
4.84966 -2.2163 -63.6892
-1.91382 -1.6416 221.329
-43.7628 51.4762 10.8339
0.949558 0.594427 -281.625
-0.1148 0.0083442 -194.924
-0.222851 -0.243177 240.419
0.0482679 0.0944597 310.073
2.06518 1.1753 195.814
-0.560969 4.78527 -178.837
0.508769 0.283864 264.912
-4.65852 -8.84724 -73.226
-0.68671 0.323882 407.526
0.188319 0.0151569 -219.751
0.0896154 1.22791 461.668
-8.5132 -35.5799 21.5214
0.892183 -0.177543 112.704
-0.924732 9.52273 -78.3462
0.175347 0.0316066 -219.555
7.52754 17.0511 -29.1058
-0.453643 0.603374 -410.259
-1.12757 2.80343 248.951
-0.526114 -0.147371 327.272
-0.314647 -0.0726877 -470.785
-0.176022 0.39781 -486.114
0.24285 -0.149883 -214.734
0.013574 -3.02611 248.195
0.225574 0.028039 -433.292
-0.833186 0.324887 -390.301
-0.00896884 -0.0245951 -318
2.85135 10.9254 78.0292
0.07913 -0.0286838 388.862
-9.80476 16.0503 -33.4608
0.665628 -0.212385 344.957
-0.116565 0.18769 -341.322
-0.693903 0.459014 388.389
0.248309 1.42039 -449.594
0.721154 -2.46473 -316.732
0.83601 0.59672 491.328
-22.5536 143.314 3.45378
-0.0189743 0.00998262 -271.146
-0.789735 -0.908937 -450.678
0.118104 -0.0213318 370.351
0.219335 -0.938045 -442.505
1.26987 1.0529 -369.323
-0.626151 1.31724 437.569
0.668266 0.252253 -269.455
-0.0242198 -0.408734 210.368
1.39406 1.05339 -250.033
0.0624459 -0.112301 -353.985
4.18912 -15.3046 -21.4568
0.13526 0.00903123 421.107
-2.03348 5.4883 -102.963
-1.43919 1.23576 -215.047
-0.706167 -0.332655 434.42
-0.336489 -0.0485758 283.03
1.09844 0.658425 -137.15
-6.99854 2.77817 30.6602
1.02286 0.796901 409.731
-4.34721 -8.87263 -29.1855
-0.0832646 0.0024053 -157.137
-0.810212 1.74984 -121.655
-0.998732 1.4795 -322.396
0.0341049 0.00236052 -257.472
-0.460999 -0.0458019 12.7644
0.00392607 -4.19766e-06 -219.914
-4.01254 -1.55525 76.1378
-2.32099 -5.76392 -129.571
-0.503618 -0.462532 290.512
0.860627 1.78835 -431.295
-0.451238 -0.175624 371.45
