10 10 0.1 10 10 0.1 10 10 0.1 0
9.07379 9.30842 0 9.6747 9.38636 0 9.11591 9.61806 0 10489.2
10.1788 10.4941 0 9.77596 10.3014 0.059624 10.8744 10.6833 0.0320963 4686.41
10.1542 10.597 0 9.2436 9.06818 0.287841 9.48933 9.28236 0.874712 81118.4
10.7919 10.9326 0.00963469 9.85446 9.17158 0 10.0757 10.8251 0.770156 25735.8
9.24928 10.9879 0.985861 10.2251 10.9856 0 9.29261 9.49599 0.474676 147966
9.93551 9.67318 0 9.66189 10.9582 0.696789 10.4883 9.22272 0.399112 69484.4
10.7102 9.11798 0.386782 10.6576 9.75271 0 10.5714 10.2844 0 957.835
9.63363 9.639 0.261534 9.78567 9.91537 0 10.577 10.4054 0 182.991
9.29456 10.656 0 9.37959 9.80825 0 10.8158 10.3015 0.828202 30251.6
9.88119 10.8681 0.434758 10.3587 10.8966 0.908222 9.4341 10.6647 0.176449 164302
10.2446 10.3883 0 10.5763 9.12555 0.2077 10.6808 9.17573 0 823.474
10.8993 9.03735 0.359072 10.9779 10.7939 0 9.253 10.362 1.08541 145925
9.12622 10.0839 0 9.44624 10.8769 0.317261 10.9197 10.7814 0 20.1451
9.84127 9.44661 0 10.3835 10.758 0 9.94668 10.1103 0 9848.58
10.1697 10.4184 0 10.5408 10.8926 0 10.0924 9.24567 0 9583.88
9.24885 9.06275 0 10.3174 10.4427 0.540352 10.1147 10.7258 0 6241.14
9.16504 9.29493 0 10.7858 9.38343 0.850786 10.2725 10.5229 0 33441.1
9.73409 9.7018 0.388491 10.2339 10.7572 0.782119 9.70309 9.41206 0 83356.3
10.0672 9.6006 0 9.56069 10.307 0 10.1674 9.79122 0.0470504 7182.22
10.1935 10.9249 0.581857 9.06848 9.00305 0.812455 10.2554 10.9835 0 131099
9.58968 10.0553 0.595346 9.72616 9.19678 0 10.0392 10.0119 0.613535 90260.8
10.6003 10.0129 0.511481 9.34083 9.07514 0.712293 9.858 9.318 0.140498 124236
9.48262 10.5765 0 9.42097 10.4996 1.09213 10.8166 10.9749 0.0906308 85237.7
10.3145 10.701 0.152278 9.71126 10.8604 0.340944 10.9977 10.887 0 4235.11
10.1245 9.7593 0.734693 10.0274 10.7173 0.368715 9.07477 10.3056 0.675426 240386
10.1517 10.4483 1.0342 10.9935 10.3341 0.649059 9.81741 9.40022 0.204221 279845
9.78597 9.90548 0 10.1958 10.186 0 10.3755 9.45161 0 9850.23
10.4081 10.152 0 9.78207 10.3711 0.158931 9.93435 10.5804 0 2170.32
9.67568 9.77078 0.442753 10.4603 10.3916 0 10.0581 9.88028 0 2283.39
10.9028 10.622 0.642589 9.54897 9.2165 0.279846 10.313 9.08173 0 42971.1
9.91098 10.0957 0 9.03211 9.56722 0.568612 9.20051 10.8285 0 7507.91
10.1184 9.07288 0.755873 9.53133 10.1404 0 9.92734 9.85446 0 22506.3
10.1278 9.28541 0.587106 10.0602 9.20038 0 10.3797 9.21735 0.937153 165056
9.94583 10.6172 0.00646077 9.24116 9.29212 1.0845 9.33992 10.0731 0 67974.8
10.7862 9.56191 0.426334 10.2651 10.2326 0.640208 9.30177 10.0181 0 65174.7
9.62148 10.4913 0.471563 9.20997 10.4127 0 10.1249 9.34321 0 3055.34
9.61184 10.7739 0.162899 9.61965 10.4311 0 10.5965 10.6904 0.48023 12863.6
10.4342 10.7877 0 10.898 10.1134 0 10.5206 9.53188 0.534919 6564.3
10.2696 9.0705 1.04317 9.92782 9.88021 0.26245 9.32215 9.54933 0 110877
10.9223 9.02618 0.121516 10.7969 9.1388 0 9.06165 9.47475 0.939717 64609.6
9.55995 10.07 0.278808 10.9816 10.048 0.937336 10.2646 10.3153 0 93318.9
9.83383 9.25178 0.589669 9.88211 10.6434 0 10.456 10.2574 0.20416 26696.3
9.40022 10.2363 0.954976 10.719 9.6653 0 9.17768 10.898 0 47290
10.3276 9.71914 0 9.98105 9.2804 0 10.9034 9.9877 0 9761.88
10.8566 9.16608 0.0214148 10.6959 9.97311 0.274902 9.96426 10.9266 0 3.65299
9.00812 10.8893 0.855791 9.56722 10.079 0.26953 10.6288 9.23273 0.0512619 83823.4
9.77786 10.6318 0 10.4889 10.9911 0 9.66988 10.8987 0.610056 10767
10.6571 9.6509 0.330628 9.20917 10.9161 0.580026 10.8977 9.82717 1.05886 306711
9.4001 10.7776 1.01125 9.6014 9.58889 0.559395 9.32844 9.34132 0 176349
9.19636 10.6554 0.538032 9.66109 10.1295 0 10.4187 10.8273 0.441838 50379.8
10.8848 9.07282 0.926167 10.3084 9.55232 0.097528 9.38343 10.3024 0 58088.8
10.7557 9.65523 0.421512 9.61306 10.7101 1.0754 9.09558 10.2319 0.696667 394289
10.3879 10.7397 0.462285 10.8968 9.77706 0.713208 9.88754 9.07459 0.508124 213091
10.9495 9.02313 0.839006 9.68947 9.81649 0 10.7944 9.97153 0.0731742 41534.1
9.16126 9.64211 0.291931 9.18159 9.44661 0.595041 10.1816 10.5397 0.573067 145963
10.8682 10.4436 0.495062 10.6279 10.3074 0 10.4043 10.8253 0 4576.23
9.63515 9.29865 0 10.2617 10.8043 1.01943 10.5436 9.16755 0 57025.5
10.0853 10.3678 0.146113 10.9523 10.8545 1.05251 9.24366 9.61776 0.843828 336309
9.64718 10.0138 1.02096 9.46669 9.1634 0 9.61177 9.75448 0 56342.7
9.44099 10.4515 0.920917 9.11426 10.2162 0 10.0345 9.5226 0.135005 61815.1
9.24274 9.36024 0.958577 10.5915 10.3684 0.233152 10.4853 10.6918 0.777114 306764
10.7264 10.1043 0 9.26502 10.6769 0 9.50368 9.79745 0 10028.7
10.003 10.641 0.449712 10.065 10.2649 0 9.53365 10.1697 0 2487.65
9.91086 9.72127 0 10.7975 10.7426 0 10.4053 10.0681 0 9588.86
9.92428 10.7574 0.243223 10.9075 9.11713 0.275207 9.35731 9.49147 0.900287 138914
10.4814 9.39198 0 9.79806 9.1681 0.973165 10.6552 10.5895 0.130366 71226.3
9.72176 10.3698 1.06509 9.44319 10.5712 0.536689 9.28242 9.84677 0.662975 422843
9.04511 9.13123 0 9.83486 10.537 0.321473 10.5678 10.012 0 32.1241
9.30616 10.5998 0 10.0059 9.95236 0 9.4958 10.7271 1.07205 65138.9
9.83413 9.21772 0 10.3256 10.1665 0.785659 9.1424 10.3107 0.546821 117011
10.3454 9.04035 0.948445 9.54915 10.6611 0.0157994 10.68 10.9034 0 48413.2
9.3954 9.28584 0.0867855 9.32447 10.3172 0 10.2117 10.9426 0.313599 963.279
10.5129 10.7691 0 10.4069 10.4312 1.09225 10.0431 9.78133 0 70132.6
10.8022 10.6706 0 10.198 9.798 0 10.2809 9.24195 0.653941 14257.7
9.49684 10.6402 0.568184 10.6856 9.50276 0.0230628 9.20582 9.24928 0 9417.8
9.42616 10.3782 0.134822 10.5687 10.3299 0.435856 9.31574 9.78408 0.0504074 11376.6
10.3498 10.6194 0.0181188 9.16773 10.5782 0.178341 9.75332 9.09186 0.416874 10622.7
10.9271 9.22034 0.129939 9.3484 10.7052 0.137385 10.8166 10.2015 0 115.191
10.5417 9.56966 0.232237 10.4026 10.0248 0.0353923 10.6412 9.90555 0.98403 100782
9.88266 9.33766 0 9.9031 9.11213 0.0648122 9.50526 10.9741 0.240172 1.82206
9.39644 9.94876 0.673046 9.12122 9.41975 0.176754 10.3026 9.47151 0.215452 63244.8
9.65975 9.81259 0.455388 10.648 10.2329 0.51319 9.09742 10.2785 0 49280.8
10.691 9.58357 0 10.4729 10.4417 0 9.49751 10.9673 0.332582 150.207
9.95889 9.57546 0 10.9049 10.117 0.414676 10.1795 10.3313 0.376162 27048.6
9.32167 10.302 0 9.10224 10.5535 0.986898 10.9147 9.47987 0 51101.8
9.20203 10.5924 0.681103 9.92038 9.63375 0 10.4222 9.03931 0 15808.5
9.35743 9.9714 0.956746 9.0105 10.146 0.970113 10.5436 10.2738 1.06686 794488
9.82919 9.63991 0.449162 10.7924 9.76424 1.00008 9.47072 10.4287 0.831254 432813
9.73495 9.66829 0.0985046 10.7258 10.0652 0.558541 10.1169 9.40773 0 14260.9
10.8688 10.0697 0.914753 10.9295 10.3553 0 10.1255 9.51943 0.278625 89735.9
9.57942 10.5376 0 9.79812 9.97879 0 9.74184 9.84884 0.382937 711.82
9.10541 10.0948 0.362978 10.8291 9.47993 0.895404 9.09821 10.2813 1.0411 439876
9.88461 10.6355 0 10.2773 9.1073 0.409 9.43568 9.43764 0 1326.3
9.03076 9.53871 1.05245 9.65206 10.4721 0 9.96591 9.31184 0 61245.7
10.3221 9.9462 0 9.88217 9.69198 0.232298 9.90823 10.1715 1.06277 109067
9.78262 10.9325 0.183407 9.5428 9.28651 0.214475 9.17878 9.16443 0 973.083
9.51662 9.06439 0.725782 9.27967 10.4477 0 10.8481 10.5424 0 19419.1
9.70382 9.56307 0.571847 9.1482 9.32429 0.0406415 10.3753 10.0669 0 10317.3
10.4713 10.9898 0.50556 9.50136 10.4143 0 9.40645 9.34303 0.225401 20407.9
9.23518 10.8353 0.446782 10.5754 9.50581 0 10.0573 9.37281 0 2419.34
10.2058 9.34498 0 10.2984 9.30567 0 10.7978 9.68471 0.514289 5189.66
9.84292 10.3408 0.688794 9.34175 9.42671 0.734999 10.1355 10.714 0 138075
10.3306 9.34828 0 9.40895 10.9338 0.672863 9.19019 9.21021 0 14959.5
9.82687 10.5963 0.122675 9.97238 10.1386 0.587167 9.219 9.73312 1.03561 229578
9.47212 9.29664 1.02175 9.54653 9.78439 0 10.5913 9.87985 0 56583.1
10.4077 10.7598 0.439457 9.02356 9.70858 0 10.0421 10.7186 0.725355 81796.4
9.43532 9.39747 0 9.65242 9.60921 0.214475 10.5058 9.50764 0 892.047
10.6956 10.013 0 10.7277 10.4819 0.499579 10.3463 10.6833 0.411686 42213.5
10.9954 10.7763 0 10.8546 9.2143 0.961751 9.98477 10.6842 0.686779 203168
9.25867 9.95798 0 10.3897 9.14893 0 10.1198 10.687 0.469182 3117.72
10.4949 9.63094 0 10.8723 10.7228 0 10.5672 10.0832 0 9396.45
10.2777 10.567 0 9.39369 10.547 0.946553 10.5826 10.7314 0 45994.6
9.23865 9.05499 0.111689 10.5646 9.71841 0 9.77548 9.67183 0.163692 77.2486
10.949 10.1994 0 9.42744 10.8688 0 10.9509 10.6315 0.388919 931.002
10.277 9.25831 1.09579 10.1836 9.08686 1.07577 10.5159 10.2668 1.02633 925607
9.13196 9.19959 0.330689 10.5713 10.8414 0.477239 9.0661 9.10456 0 28079.2
9.79604 9.02802 0.370669 9.91348 9.31343 0 10.209 10.4627 1.09933 150014
9.472 10.8793 0.0615772 10.4617 9.74227 0.590341 10.6792 9.20746 0.257323 41273
9.24555 10.5414 0.950276 10.7012 9.71718 0 10.9791 9.4474 0.261901 92317.3
9.6277 9.49947 0.886187 10.0902 10.0753 0 10.7951 10.403 0 37799.7
9.77401 9.31782 0 10.467 9.858 0 9.01556 9.8627 0.0839778 5193.58
9.02985 10.4706 1.09054 10.1734 9.59078 0 10.2525 10.2365 0 68469.3
10.765 10.4307 0.271606 10.7726 10.3846 0 9.53761 9.91879 0.457707 21014
10.0581 9.61147 0.969747 10.6945 9.35823 0 10.8877 10.0697 0 50140.8
9.52168 10.3352 0.910785 9.16645 10.1617 0 9.88821 9.68105 0.0274575 43946.5
10.8829 10.2246 0.799332 9.40382 9.02057 0 10.4658 9.82662 0 27562.1
9.68337 10.0664 0 9.98007 9.85873 0.381777 9.41658 10.0572 0 692.76
9.74197 9.18146 0 9.04297 10.4445 0.670971 9.2992 10.4897 0 14425.4
10.0205 9.35957 1.0762 10.5522 9.56563 0 9.21387 9.78475 0 66442.3
9.34407 10.4377 0 10.0558 9.96829 0.164486 9.36805 10.4025 0.398624 7455.42
9.10743 9.70376 0.40253 9.97513 9.65511 0.307984 9.71139 10.8942 0 18112
10.6766 10.6488 0 9.84011 10.5932 0.749037 9.0589 10.5298 0 22327.5
9.24665 10.7014 0 10.7241 10.3099 0.523322 9.8721 9.95444 0.133662 14194.3
10.9806 9.09674 0 9.40596 10.0156 0 9.59413 10.9591 0 10014
9.18079 9.6277 0.718213 9.20692 10.0991 0.53083 10.4608 10.1462 0.312134 172998
10.3031 9.198 0.00688803 9.90707 9.60353 0.291809 10.088 10.3332 0.145259 2266.54
9.81918 10.0087 0 10.6042 9.99686 0.484381 9.91159 9.10346 0 3849.98
10.0846 9.71706 0 9.13868 10.5357 0.678478 10.1853 9.84964 0 15395
10.6791 10.6179 0 9.60817 10.5182 0.689526 10.881 10.7634 0 16991.4
10.9489 10.6847 0 10.0072 9.58846 0.750441 9.66329 10.1801 0.609445 124656
9.2447 10.7817 0 9.06153 10.4657 0 10.9188 9.42256 0 10274.8
10.4762 10.1827 0 9.41603 9.73495 0.662487 10.461 9.42201 0.269469 43911.6
9.23359 10.527 1.07363 10.3008 10.3766 0.904804 10.0716 10.0609 0 310031
10.5067 9.84518 0.862566 9.23804 9.04932 0.239195 9.58712 9.22669 1.05038 376138
9.07373 10.1554 0 9.46315 10.3896 0 9.89029 10.013 0 10360.6
10.7012 9.40407 0 9.29487 10.6509 0.495795 10.503 10.8144 0 4182.62
10.9971 10.5351 0.861101 10.3824 9.16224 0 10.5074 10.4944 0 35632.2
9.91592 10.1044 0 9.80221 9.81332 0.972616 9.12708 10.9369 0.277221 98691
10.2782 10.0158 0 10.2137 9.90719 0.423832 9.42128 9.57021 0.449223 36314.7
10.6855 9.60494 0.316956 9.80422 9.16993 0.597909 9.816 10.2244 0.205136 74102
9.5624 9.64156 0 9.85946 9.84243 0 9.62734 10.143 0.410648 1254.4
10.0064 9.29426 0.49024 10.9691 10.3973 0 9.78793 9.01624 0 4169.31
9.16492 10.5095 0 10.8452 10.6031 0.819413 10.0237 10.6813 0 29995.2
10.9091 9.04932 0.736402 10.9953 10.1278 0.49433 10.7266 10.963 0 97327.8
10.9484 10.9591 0.357179 10.785 9.69588 0 9.83352 9.96091 0.197995 7714.92
9.26826 10.594 0.464238 10.0411 10.3593 0 10.9775 10.664 0 2975.69
9.13691 10.0107 0.476995 10.2206 9.14698 0.243529 9.38435 9.29743 0.769912 155038
10.1621 9.02374 1.02279 9.27674 10.5534 0 10.0819 10.6059 0 56778
10.4642 10.3694 0.147395 9.66781 9.33796 0.347841 10.2135 9.86239 0.482305 50642.6
9.10981 9.00598 0 9.13648 9.20142 0.193966 10.6304 10.9526 0.572091 22973.5
10.6142 10.6081 0.898456 10.4129 9.90689 0.831803 10.3791 9.94552 0.199094 294619
10.9457 9.88522 0 10.3476 10.12 0.7845 9.81356 9.55556 0 26425.4
10.2655 9.10584 0 9.21259 9.74929 0 10.2974 10.6999 0 10201.8
10.1665 10.6797 0 9.60042 10.3855 0 9.85031 9.1493 1.00924 55262.6
10.4275 9.17322 1.0508 10.8227 10.8464 0 10.6509 10.2398 0.319275 127678
10.5796 9.98813 0 10.0401 9.86715 0 9.92495 10.3257 0.257628 176.376
9.41408 10.8243 0 10.4552 10.1205 0.199643 9.16211 10.2 0 1110.55
10.2231 9.39442 0 10.8576 10.0249 0 9.63552 10.7923 0 9626.74
10.9978 9.07367 0 10.096 10.0202 0.199155 9.56893 9.25733 0 1068.94
9.07923 10.3027 0 10.3857 9.25251 0.311158 10.4689 9.86044 0 13.5916
9.25385 10.7239 0.971944 9.3542 10.3261 0 10.1969 9.91922 1.006 308044
9.31141 9.51674 0 9.51912 10.8143 0.194638 10.7478 10.3314 0.97225 81853.1
10.6122 10.5932 0.283203 10.4064 10.9796 0 9.37812 9.33888 0.0306314 41.0055
9.86508 10.5375 0 9.21516 10.6004 0.933857 10.0749 10.2021 0.344911 104625
9.91653 9.28187 0 10.9033 10.8401 0.732435 10.8404 9.28059 0.409732 79144.4
10.5467 9.74105 0 9.55593 10.7602 0.0194617 10.7889 10.1499 0.22711 302.873
9.11115 9.12159 0.172787 9.66128 10.4006 0.27539 10.3525 9.87826 0.544929 51955.5
10.3662 9.57765 0.6009 10.6083 9.00531 0.704724 9.59004 9.81808 1.07925 480024
10.7676 10.1643 1.05734 10.8238 9.90469 0 9.60347 9.75613 0 64386.8
10.2644 10.929 0.325562 9.35023 9.2757 0 9.54646 10.7759 0 61.2182
10.298 9.17609 0 10.1987 10.2474 0 10.7651 10.6625 0.708448 18608.4
10.5814 10.0532 0.0961241 10.5012 10.7571 0 10.3957 10.9013 0 4292.76
10.6072 10.8742 0 9.90384 10.7664 0.301636 9.68996 9.25544 0 3.51335
10.0205 10.3587 0 10.4391 10.1994 0 10.6725 10.099 0 9611.39
9.38276 9.318 0.33838 9.53273 9.78323 0.831254 9.48714 9.3249 0 81857.2
10.6592 9.84756 0.227903 10.7685 10.3459 0.38312 9.96237 10.9551 0 11137
10.4368 9.70138 0 9.04303 10.79 0 9.52651 9.78433 0.676525 15211.5
10.0177 9.69704 0 9.76199 10.3039 0.774001 10.755 10.4023 0.497443 103846
10.7757 10.0258 0 9.71352 9.7416 1.02035 10.0282 10.4748 0 57369.6
9.56026 10.3606 0.949788 10.0896 9.11383 0.311097 10.2055 9.97623 0 101505
10.6045 9.53517 0 10.067 9.26484 0 9.51625 10.4353 0.476568 3471.78
10.5194 9.0061 0 10.2243 10.8547 0 9.84835 9.02405 0.711744 18842.9
10.5383 9.58791 0.359072 10.8625 9.97006 0.687878 9.83029 9.06427 0.831315 276405
9.86459 10.3381 0 10.9127 9.61202 0.903217 9.20447 9.54811 0.559578 149782
9.14325 10.1029 0 10.3746 9.71474 0 9.32698 10.7723 0 10077.6
10.815 10.0983 0.494696 9.38984 10.7817 0.482855 10.5218 9.4604 0 50722.9
10.8092 10.0776 0 9.44618 10.859 0.292358 9.62856 9.55696 0.522834 29203.1
10.7851 9.07978 0.368838 10.8288 10.728 0 9.84732 9.15613 0.255187 12038.6
9.1109 9.19642 0.746901 10.4785 9.52364 0.601633 9.0271 10.6731 0.366457 219150
10.2982 9.55123 0 9.11536 9.0282 0.681408 9.49098 10.722 0.248412 42855.8
10.5143 10.4726 0 10.8506 9.86856 0 10.6907 9.45918 0 9323.1
10.451 9.83944 0 9.66915 9.6448 0 9.96371 10.0385 0 9943
9.74819 10.4502 1.07089 10.5043 10.6914 0.648387 10.3819 9.69057 0 222878
9.2212 10.6952 0 9.93789 10.6362 0 10.8932 9.75698 0.141231 2796.76
9.67421 10.981 0.554756 10.8191 9.46516 0 10.748 10.7774 0.976705 168627
9.52358 9.22791 0.841386 10.6372 9.69497 0 9.50893 9.8851 0.621714 148810
9.26484 10.2319 0 10.7077 10.5298 0.385195 9.62203 9.9968 0.233946 11280.1
9.68722 10.886 0 9.02936 10.1332 0 9.27033 10.7533 0 10369.8
9.62282 9.63753 0 9.31556 9.78115 0 10.4301 9.96353 0 10265.9
9.20612 9.43336 0.938435 10.788 10.1711 0.249449 9.36103 10.6957 0 86658.4
10.0677 9.20887 0.995444 10.0746 10.1134 0 9.99796 9.97037 0.434574 140466
10.4435 9.37495 0 9.53017 10.7836 0.411991 9.32087 10.132 0 1312.56
10.4475 9.23194 0.753249 9.37678 10.309 0 9.01605 9.91171 0 22151
9.71084 9.07019 0 9.16822 9.15644 0 9.29359 9.11151 0.146602 2908.16
10.2419 9.15351 0 10.0654 9.29597 0.701306 9.43117 10.4924 0.391726 69019.2
10.0376 10.0899 0.99819 10.0732 9.26344 0.103143 10.4844 9.04425 0.140254 97883.8
9.96518 9.63057 0.877764 10.5146 9.944 0.311585 9.31471 10.5676 0 87268.5
10.2454 9.46919 0.25305 9.92917 9.43684 0.547859 9.68691 9.53163 0 27510.1
10.0998 10.5487 0.269591 9.56667 10.1068 0.860002 9.57613 9.01056 0 75396
9.9006 10.6381 1.07162 10.3127 10.3255 0.0944151 9.41981 10.1856 0.84517 322909
9.54585 9.55672 0 9.23176 9.68624 0 10.4862 9.71358 0.169491 2059.04
10.5818 10.2218 0 10.7239 10.5581 0 10.54 9.32698 0 9379.01
9.60677 9.5566 0 10.1118 9.33723 0.419132 9.60463 9.43641 0.830522 98732.6
9.91647 9.84439 0.631968 9.26954 9.01398 0 10.4421 10.7382 0.615427 97910.4
9.09601 10.8893 0.187008 10.2139 9.31611 0.73036 10.6171 10.4931 0 41937.5
9.26923 10.7907 0 9.70266 9.08936 1.08553 10.346 10.4648 0.567757 200673
9.50093 9.91403 0 9.43397 10.1321 0 9.02533 10.9361 0.721876 18928.8
10.0443 9.13764 0.475896 10.3047 10.9932 0.386721 10.9764 10.2547 0.305298 83477.2
10.5154 9.54384 0.349245 10.7591 10.354 0.286804 9.86245 9.23457 0 12859.1
10.5545 9.99924 0.45905 9.41877 10.1572 0.283874 10.3929 10.8553 0 21570.8
9.91452 10.3149 0 10.4141 9.39717 0.971761 10.8513 9.67891 0.0704276 61285.1
10.5524 10.0966 0 9.5345 10.5516 0 10.0963 9.2967 0 9902.85
9.93753 9.99875 0 10.0091 10.6187 0 9.96695 10.1392 0 9910.57
9.07123 10.2126 0 10.9566 10.3105 0 9.05292 9.73397 0.660106 14309.9
9.31288 10.8444 0 9.48457 10.8354 0.49256 9.42659 10.6053 0 3863.66
10.4289 9.46864 0 9.50014 10.8437 1.00118 9.20551 9.63887 1.07009 344179
10.0701 9.52724 0 9.5425 10.6947 1.01345 10.9763 10.3948 0 55884.9
10.3624 10.0222 1.05819 10.5946 10.7809 0.748854 9.62294 10.3915 0 251558
9.56227 9.026 0 9.55434 10.4248 0 10.2276 9.27625 0.262755 200.925
10.5304 9.97385 0.220151 10.9031 9.93448 0.662181 10.9266 9.85202 0 38511.6
10.9432 9.1999 0.526679 10.8954 9.62362 0.392642 10.9539 10.2771 0 43537
10.2958 10.2472 0 10.3168 9.19941 0.476141 10.2775 10.563 0 3560.61
9.93869 9.0445 1.04897 9.51405 10.1502 0.846391 9.94711 10.8682 0 278604
9.03168 10.2065 0.316407 10.2196 9.20466 1.08755 9.25935 9.07782 0.334962 226650
10.3817 9.71902 0 10.5688 10.1297 0.236326 9.51277 9.80288 0.948872 86963.5
9.43764 9.06458 0 10.4836 10.8334 0.47138 9.69784 9.79128 0.71156 85596.7
9.89077 10.7069 0 9.3874 10.8011 0.803665 10.1776 10.3738 0.541389 119712
9.73794 9.94717 0.332765 10.0065 9.68355 0.0885556 9.07166 10.8077 0.805069 93875.4
10.5123 9.14692 0.512885 10.088 10.6932 0.936665 10.9777 10.4956 0.252867 217585
9.44569 9.08069 0 9.9758 9.40504 0 10.9398 10.0741 0 10059.8
9.36946 9.70461 0.812271 9.18836 9.64888 0.54322 9.00433 9.07379 0.951802 439273
10.8237 10.1966 0 9.71133 10.8697 0.647533 9.98422 9.47731 1.04665 214697
9.61788 10.5923 0 9.67415 10.7842 0.68208 9.98727 9.82681 0 15881.5
9.5436 10.1567 0 10.1233 10.5544 0.678051 9.10163 9.10962 0 15536
10.5359 9.73879 0 10.5486 9.81533 0 9.82089 9.33906 0.624644 11933.3
10.5594 10.2459 0 9.79836 9.60183 0.553536 10.7128 9.69082 0 7228.16
9.65328 10.915 0 9.09247 10.5687 0 9.35096 10.8965 0.96401 47627.9
10.1406 10.8003 0.374026 9.73177 10.0096 0 9.35572 10.4523 0 588.29
9.66134 10.0711 0.838823 9.17664 9.14447 0.683361 9.68007 10.8286 0 162578
9.58931 9.09308 0.118891 9.00354 9.5439 0.198727 10.9292 10.886 0.973287 106522
10.732 10.5138 0 10.2386 9.4004 0 10.9722 10.9137 0.102777 3994.05
9.65773 9.93643 0.437504 9.51973 9.52638 0 10.9059 9.89022 0.886248 114762
9.03034 9.06293 1.08535 9.21155 9.39186 0.857256 10.4923 10.144 0.666393 582238
10.3221 9.52126 1.02218 9.53145 10.8453 0 10.7059 9.2533 0 57340
10.899 9.25825 0.692395 9.02496 10.4096 0 9.65004 9.03998 0.13824 30576.9
9.6241 9.86984 0.987265 9.27766 10.6605 0 9.43245 10.3594 0.273254 100149
9.6614 9.26618 0.769118 9.53395 9.54183 0 9.38435 9.0036 0 23554.6
10.9973 10.148 1.06362 10.0053 10.5392 0.68861 10.6032 9.72182 1.02486 678629
10.5015 10.6272 0 9.13172 9.5024 0 10.5732 9.16022 0.0660329 6086.2
10.1045 10.2508 0.538337 10.0625 9.43287 0 9.58931 10.7041 0 6265.13
10.655 10.6257 0 9.09607 10.0666 0 9.53072 10.9985 0 10071.5
10.9908 9.76095 0.135432 10.9841 9.24268 0.990378 10.4651 9.82339 0 76912.9
9.46931 9.1178 0.940632 9.18232 10.0828 0 10.3167 10.1397 0.517524 145727
10.5222 9.85745 0.612375 10.7403 9.95395 0.293579 10.1132 10.5982 1.03445 298577
9.98465 9.35902 0.654003 9.3343 9.93948 0.259764 9.76986 9.99283 0 40750.9
10.9204 9.25037 0.336915 10.8583 10.7191 0 9.98349 10.2488 0.823685 83037.6
10.8179 10.9855 0 9.90805 9.80953 0.885394 10.156 9.1333 0.0833674 49909.9
9.93808 10.0076 0.753188 9.18806 10.0658 0 9.10877 10.939 0 21958.2
10.5406 9.07367 0.132014 10.726 9.21369 0 10.3185 10.2323 0.279601 1507.8
10.1142 9.45253 0 10.9368 9.8666 0.523688 9.0951 9.90732 0.527656 62699.7
10.6865 9.37916 0 10.863 10.7013 0 9.50966 10.508 0.797134 27897.3
9.85031 10.4112 0.218686 9.46937 9.06745 0 10.073 10.0262 0.39783 10803.1
10.2406 9.68538 0 9.55324 10.9812 0.797317 10.8956 9.22053 0 27225.1
9.00623 10.2152 0.220334 9.53847 9.69491 0 9.2729 10.3033 0 846.355
10.2247 9.93362 0 9.25214 10.901 0 10.3231 9.93997 0.0914243 4909.25
9.57503 9.27717 0.910541 9.29414 10.5838 0 10.219 10.8386 0.214292 73762.8
10.0194 10.6995 0 9.93667 9.52181 0.950154 10.5699 9.42879 0.50202 146572
9.01898 10.9983 0 9.89901 10.8531 1.04665 9.77407 9.04083 0 60854.7
9.6382 9.88034 0.673656 10.4364 9.41371 0.704419 10.2066 10.2516 0 128201
9.27204 10.4864 0 9.0766 10.6426 0 9.66396 9.72024 0.735182 20092.6
10.5096 10.4182 1.02767 9.20057 10.4574 0 9.64119 9.89944 0.711682 227316
9.49745 10.3226 0.849992 9.70772 10.2703 0.909565 9.90811 9.27088 0 233455
9.70754 10.7419 0.743483 10.6741 10.1294 0 9.13977 10.5479 0 21877.9
10.6775 9.6437 0.547005 10.9036 10.0197 1.05898 9.04303 9.79092 0.52851 372803
9.22651 9.63649 0.284973 9.63326 9.72103 0.118036 10.8708 9.80709 0 1073.02
10.2561 10.3785 0.253417 9.08521 10.4724 0.00652181 9.38649 10.8911 0 220.772
9.09229 9.66945 0.140803 9.66445 10.4431 0.671337 9.55495 9.2168 0 28108.8
10.6063 9.82144 0.469671 10.7247 10.9177 0 10.1105 9.38984 0.768935 98437.4
9.06946 9.38795 0.271667 10.7037 9.15674 0.655223 10.3709 9.03845 0 43223.7
9.30189 10.1069 0.849687 10.8151 10.1369 0.219907 9.81716 10.3128 0 65502.1
10.7326 9.48842 0.453252 9.45448 10.7854 0.823624 10.6114 10.3556 0.456365 226310
9.28578 10.8068 0 10.0786 9.03809 0 10.8929 10.8683 0.11059 3948.21
9.95175 9.30482 0.975057 10.7983 9.55916 0 9.46736 9.85519 0 50498.2
10.2954 9.0661 0 9.64205 9.44881 0.737806 9.4059 10.6074 0.0534593 26181.7
9.66066 10.5127 0 9.27076 10.3759 1.06301 10.4742 10.1846 0 63458
10.5852 10.665 0.231016 10.6664 9.11103 0.172909 9.95462 10.0419 0 1353.9
10.3722 10.153 0.309082 10.5397 10.968 0 9.84756 10.7004 0.376894 16828.6
9.31294 9.39558 0 10.4488 10.8196 0.147517 9.92734 10.8425 0 2592.6
9.53566 10.1919 0.668346 10.8403 9.51119 1.0668 9.40919 9.01282 0.433781 385344
10.201 9.43294 0 10.0849 10.9441 0.708875 9.33949 9.61574 0 18366.6
10.7408 9.10596 0.543159 10.7495 9.02844 0 9.30531 10.2127 0 6747.47
9.47145 10.1905 0.833512 10.1244 10.5317 0 10.0279 10.4236 0 31232.1
10.213 9.65212 0 9.76162 9.70119 0.388553 9.50685 9.31605 0 823.029
10.8622 9.75216 1.09768 10.0335 10.0534 0 10.7512 10.8945 0 70899.6
9.27027 9.31941 0 9.11872 9.23103 0.740065 10.3969 10.5099 0 20489.4
10.98 9.59847 0.438359 10.9371 9.87191 0.414798 9.92306 9.25178 1.01302 273039
9.66164 9.19459 0 9.4897 9.965 0.819535 9.8475 9.49104 0.971212 242729
10.6181 10.2576 0.172481 9.30537 9.93985 1.03841 10.5331 9.09015 0 91319
10.2472 10.3687 0 10.6475 9.84207 0.66267 9.3188 9.80374 0.668224 117909
9.17853 10.9517 0.973775 10.2223 9.31507 0.270751 9.55251 9.50948 0.58735 257765
10.5414 9.81332 0 9.49605 10.5998 0.332276 10.9206 9.84787 0 122.228
9.26966 10.5313 0 10.8765 10.071 0 10.0133 10.5406 0.450017 2577.53
9.49355 9.11219 0 9.91653 9.33888 0 9.32136 9.4109 0.177853 1793.01
10.1286 10.2466 0.907978 10.2008 10.3213 0 9.25355 9.88845 0.101434 55528.7
10.7532 10.795 0.17004 10.1676 10.735 0 9.10999 10.4034 0 1750.37
9.00879 9.43611 0.342592 9.40468 10.6335 0 10.7737 9.1496 1.08206 137595
10.8336 9.54372 0.784256 10.2538 9.16065 0.926533 9.96957 9.21937 0 220305
10.3161 9.28394 0.0625538 10.7374 10.3085 0.0275185 9.01764 10.0717 0.534553 11800.5
10.274 10.4635 0.398135 10.0061 10.9833 0 9.05908 9.03723 0.285705 16260.2
10.3267 9.64022 0.104608 10.4524 10.1178 0.299377 9.40797 10.363 0.0342326 2176.02
10.3756 9.19465 0.582955 9.85745 9.58901 0 10.5643 10.6752 0.44489 58387.8
10.0308 9.7814 0.524238 10.854 9.36402 0.913837 9.39088 10.2817 0.639109 349033
9.58992 10.1308 1.03878 9.69094 9.50313 0.170589 10.7262 9.57497 0.0126865 93172.9
9.25416 10.1457 0 9.74288 10.7964 0 9.33106 9.99216 0.705579 17641.9
10.4236 10.6498 0.0643849 9.93875 9.56905 0 9.03601 9.35096 0.00731529 5719.55
10.9839 10.7708 0 9.80911 10.2566 0 10.0816 9.70644 0.909503 41486.1
10.0392 10.3188 0 10.5674 10.7827 0 10.9445 10.3577 0.371706 665.695
10.997 9.63332 0 9.76534 10.1595 0.147823 10.2007 10.1975 0.213193 446.876
9.83016 9.73928 0 10.947 10.2851 0.734327 10.624 10.1594 0.291565 58923.9
9.72561 10.594 0 9.55593 10.3113 0.638438 9.33753 10.6192 0.476812 72470.1
9.37751 9.31153 0.530158 10.1239 9.45967 0.605234 10.2982 10.8639 0.23303 125082
10.0275 10.4368 0.436344 10.0396 9.3708 0 10.5155 9.94504 0 2100
10.603 10.9684 1.01491 9.93887 9.30256 0 9.65236 9.27277 0.34369 123999
9.4275 9.80801 0 9.39204 10.7107 0 10.1554 9.99979 0 10284.2
10.8796 9.10291 0.439274 10.0191 10.4883 0.630381 9.12793 10.944 0.429203 158471
9.69655 9.95755 0.387149 10.3542 10.8049 0 9.95126 10.2475 0 855.322
9.57808 9.74801 0 9.15485 9.08844 0.801529 10.7176 9.81332 1.06387 267705
9.58913 10.3138 0.945576 10.6129 9.78408 0.266601 10.3844 9.47389 0.560128 239615
9.28669 10.8016 0 9.22321 9.96695 0.987753 9.47713 10.2306 0 50991.2
9.42701 9.3346 0.960836 9.28834 9.72835 0.116694 10.9977 9.50374 0 65579.3
10.9716 9.98917 0.299377 10.8652 10.7238 0 10.5975 9.37452 0.891314 89391.9
10.2338 9.01849 0 9.98178 9.84768 0.146358 10.7867 9.38026 0 2573.88
9.91629 10.5542 0 9.83444 9.93802 0 10.7923 10.2874 0.866472 35455.5
10.5518 10.1795 0 9.33283 10.1897 0.437016 10.459 9.24781 0 2054.48
10.6235 10.6223 0.590768 10.5477 10.6196 1.08798 9.19562 10.4376 0.805313 527760
10.1549 9.34779 0 9.829 10.1582 0 10.1183 9.78011 1.00014 53802
10.2425 10.0526 0.377871 10.1338 9.47328 0.324219 10.1899 9.0586 0.992392 214696
10.8591 9.19098 0.692029 10.9202 10.1771 0 10.3795 9.62105 0.0823908 25668.5
9.74465 9.60549 0.620676 9.46046 9.04907 0 10.8341 9.74465 0.455449 65706.8
9.77572 10.9159 0.914997 9.59175 9.54134 0.846025 9.29127 10.2198 0 233911
10.2629 10.6836 0.834001 10.4411 9.35676 0.761672 9.10242 10.1816 0.436039 331200
10.907 9.46138 0 10.6782 10.1091 0 10.9581 10.8789 0 9344.55
10.9807 10.9836 0 10.6716 10.3097 1.08883 10.2054 9.69149 0.233335 117276
10.1844 10.6699 0.0916684 10.6086 9.26008 0.151668 9.68032 9.0603 0.393313 12808.9
10.9628 9.38691 0 10.3337 10.6775 0 9.1153 10.7253 0 9677.18
10.1704 10.2856 0 10.2181 9.71975 0 9.01361 10.2459 0 9879.33
10.6044 9.55959 0.385012 9.60775 9.32514 0 10.2978 9.80264 1.09768 153949
10.9081 9.81869 0.877581 10.9799 9.68215 0 9.63704 10.1855 0 37798.4
9.18928 9.2826 0.440739 10.7914 10.6456 0.321473 10.808 9.91726 0.648387 136266
10.0822 10.2882 1.08102 10.7702 9.40046 0 10.5629 10.4306 0 68209.1
9.65017 10.7436 1.07595 9.18567 10.5026 0 10.6055 9.35066 0.966329 332769
9.98697 9.85952 0.926533 10.3074 9.31196 0 10.2732 9.90176 0.392215 114657
10.2481 9.12995 0.940144 9.82949 9.94259 0 10.4114 10.4212 0.776504 220774
10.0315 9.67776 0.485723 9.98068 9.06153 0.253783 9.07465 9.11292 0 21016.2
9.80172 10.1379 0 10.5877 9.65554 0.999716 10.9363 9.18238 0 54587.7
10.9125 10.0146 0.482794 9.12494 9.7477 0 10.5762 9.84133 0 3666.01
10.5361 10.6814 0 9.1825 10.9205 0.847124 10.0941 10.7279 0.436039 106207
9.3813 10.444 0.337709 10.18 10.5762 0 9.96286 9.71688 0 152.21
10.8462 10.4247 0.827042 9.74416 10.8059 0.724378 9.12983 9.81509 0 172768
9.99045 9.39076 0 10.8338 9.12702 0.626475 10.9191 10.6829 0 12119
9.52028 9.99313 0.226377 10.6016 10.96 0.405277 10.691 10.2214 0.810929 144528
9.56887 10.3077 0.377566 10.4369 10.8679 0.599191 10.8789 10.781 0.463994 144079
9.50771 10.1161 0.118952 10.5862 10.6772 0.265441 9.9982 9.86441 0.501837 38070.3
10.6932 10.1741 0 10.9532 9.62325 0 9.02783 10.4995 0.431584 2106.99
9.37843 9.75576 0 9.32704 10.3018 0.204343 10.6835 9.48469 1.06777 102878
9.34944 9.23811 0.99172 9.70998 9.70638 0.0989319 10.3686 10.2389 0.624827 219044
10.4721 9.73019 0 9.1294 10.6925 0 9.80166 9.86685 0.432255 1821.62
10.5616 9.17182 0.0220862 9.50105 9.55501 0 9.46767 10.5499 0.268371 19.0251
9.61129 10.7065 0 9.29969 10.6634 0 10.2491 9.40492 0 10167.3
9.2483 10.3484 0 9.40944 9.27192 0.960897 10.4547 9.92251 0 47306
9.41517 9.95511 0 9.45289 9.28718 0 9.57222 9.55916 1.08126 66045.3
9.22163 10.015 1.08846 9.31507 9.67171 0.460637 10.7117 10.3219 0.85042 482549
10.9402 9.1858 0 9.67306 9.95279 0 10.1874 9.64241 0 9841.26
10.2812 9.98263 0.521491 10.6818 9.55214 0 9.70675 10.6001 0 5617.6
10.8479 9.36451 0 9.63485 10.3526 0 9.59737 9.67782 0.443852 2271.57
9.07575 9.33357 0.36896 10.1285 10.1771 0 10.854 10.6435 0 489.194
9.80276 10.9019 0.809891 9.18806 9.39308 0.918842 10.5392 10.0256 0.804947 547635
9.00763 10.8072 0 10.7291 10.6331 0.706616 10.363 10.8627 0.757521 149801
10.5902 10.2456 0 10.7082 10.6191 0.0318522 10.3762 10.3396 0.326661 486.157
9.23261 9.21625 0.35193 9.21155 10.054 0 10.0299 10.672 0.643321 51873.2
9.75802 9.96329 0 9.97458 10.3693 0 10.708 9.4341 0.854021 33825
9.97818 10.7181 0.46961 9.47627 9.94784 0.331666 10.065 10.1696 0 27452
9.68618 10.1037 0.49732 10.6977 9.79482 0.982382 10.361 9.06769 0.520759 319655
10.2381 9.26893 0 10.3929 9.25166 0.276977 10.6058 9.57533 0 44.962
9.11481 9.24537 0 9.34053 9.31013 0.11474 9.89956 9.73232 0.422123 5714
9.63918 9.37709 0 10.8987 9.54408 0 9.7676 9.36799 0.0295328 7925.46
9.57363 9.404 0.478033 10.8018 10.2696 0.419681 9.79629 10.5241 0 39559.2
10.169 10.5821 0 10.2709 9.29957 0 9.20045 10.7164 0.850114 33488.2
9.09522 9.14954 0 9.11188 9.91824 0.777358 9.68911 9.31684 0 23966.4
10.7568 9.19019 0 10.322 9.43416 0 10.388 10.9963 0.867144 35949.9
9.3191 9.11554 0 9.7817 10.1982 0 10.9681 9.01166 0.932759 43589.6
9.65322 10.9219 0 9.43043 10.9093 0.969625 9.60183 9.15448 0 48817.6
9.84524 10.8207 0.492865 9.08625 9.05982 0 9.53035 9.83914 0 3849.32
9.42286 10.5385 0.837236 10.0074 10.0893 0.792923 9.75521 10.686 0.428349 339701
10.7329 10.6172 0 9.61983 10.7751 0.406742 10.1758 9.80892 0.392886 27743
10.3773 9.45589 0 9.47499 10.1267 0.846147 10.6399 10.2758 0.79689 198261
10.6062 10.8834 0.5691 10.1618 9.62716 1.01974 9.01849 10.6669 0 183671
9.70614 10.0769 0 10.3345 10.141 0.026603 10.4225 9.97336 0 8126.65
10.1747 9.53017 0.995627 10.5102 9.5132 0 9.73946 10.3982 0 53626.1
10.6457 10.3265 0 9.68813 9.59822 0.7433 10.0796 10.3642 0 21766.9
9.35829 9.76101 0.397098 9.70486 10.6865 0.468267 9.71969 10.6458 0 34574.5
10.0092 9.91067 1.08553 10.8945 10.3522 0 9.90603 9.83389 0 68812
10.8633 10.0384 0.768081 10.2433 10.3384 1.04903 9.35438 9.65175 0.642405 515283
10.5527 9.38453 0.67329 10.1362 10.5124 0 10.5958 10.9274 0.79158 150274
10.25 10.6387 0.532356 10.718 10.223 0 10.3789 9.72494 0.499945 60169
10.1961 10.4643 0.429447 10.8055 9.92001 0 9.91214 9.25184 0.507819 45555.2
10.5033 9.2599 0 10.0486 10.3138 0 9.10596 10.037 0 9932.58
10.3303 9.39583 0.985434 9.02521 9.77969 0.0972839 10.8928 9.58827 0.376528 147020
10.1241 9.13294 0.687756 9.37159 10.7969 0.625742 10.3203 10.0078 0.787918 355847
9.55147 10.8535 0.555977 10.5636 10.1735 0.609384 10.114 10.1376 0.629466 246999
10.0397 10.2318 0.245787 9.95541 9.80477 0 9.45723 10.9038 0.368715 10833
10.4347 10.0324 0 9.12366 10.0133 0 10.0301 9.35597 0.0690237 6037.84
10.4549 10.7324 0 10.4612 9.42103 0 10.8499 10.7916 0 9448.66
10.6345 9.57375 0.459539 10.7416 9.72781 0.420475 9.04358 10.905 0 37598.6
10.3547 9.07013 0.587838 9.73733 9.89859 0 10.5218 9.91647 0 9087.5
10.9327 9.96146 0.366091 9.06488 10.8732 0 10.0194 9.08771 0 462.82
10.0074 10.0684 0 9.35279 9.97476 0.797745 9.47627 9.15699 0.590341 129233
9.08936 9.31855 0.182186 9.84689 10.1587 0.188168 9.65719 10.0212 0 453.494
10.7181 10.869 0 10.4997 9.88931 0.451543 9.93393 10.6929 0 2769.81
10.7524 9.3451 0 10.3401 9.33552 0.611887 10.7517 10.9554 0 11075.2
10.5322 9.08222 0.659252 9.97958 9.46443 0.972494 10.7591 10.6724 0 195813
10.4757 10.738 0.786514 10.6536 10.2583 0 10.1413 9.84219 0.793533 182436
9.8041 9.89926 0 10.975 10.6429 0 9.62911 9.71218 0 9631.05
10.3591 10.0619 0.370913 9.79586 9.45149 0.833512 10.3199 9.72738 0.713025 288292
10.8071 10.1479 0.0297159 9.45125 10.4448 0 10.5995 9.77181 0.143733 1717.88
10.1811 10.9515 0.0668874 9.31855 9.93606 0 9.51778 10.0454 0 6122.22
9.0871 10.6727 0 9.58754 10.6528 0 10.8475 10.5563 1.02004 56565.7
10.4195 9.96408 0.854936 10.448 9.15528 0.823624 10.7989 9.68044 0.468633 377869
9.3401 9.21485 0.630869 10.8394 10.9128 0 9.78426 10.3735 0.640391 104051
9.47774 9.62783 0 10.5957 9.82601 0 10.6131 10.9731 0 9786.31
9.42891 9.42891 0.220945 10.3504 10.5998 0.574715 9.67171 10.5441 0.850969 199179
10.0172 10.4823 0 10.4239 10.6868 0.996664 10.5442 9.95224 0.228025 95065.4
9.04443 9.0332 0.744642 10.7013 9.98642 0.481573 9.59639 10.2973 0 94020.4
9.78652 10.4429 0 9.45973 9.66433 0 9.95279 10.1973 0 10144.9
10.6696 10.6135 0 9.65639 9.2284 0.02172 10.4136 9.82363 0.235228 185.046
10.9802 9.89029 0 10.8467 10.189 0 9.07294 10.1482 0 9447.29
10.1984 9.52297 0 10.9047 10.6815 0.485662 9.30451 10.0468 0 3973.88
10.2105 10.7292 0.741835 10.454 9.49843 0.626475 9.14502 10.6216 0 126314
9.03528 9.90469 0.0105502 10.0264 10.352 0 9.15937 9.98422 0 9572.4
9.88607 9.54286 0.382937 10.4733 9.0448 0 9.59004 9.01434 0.575265 47758.1
9.00323 9.35035 0 9.31452 10.0982 0 10.344 9.51601 0 10472.6
10.4001 9.12989 0 9.07178 10.7907 0 9.3141 9.42879 0 10316.5
10.1742 10.3547 0 9.87716 9.79879 0.495489 10.7895 10.2495 0 4292.54
10.3037 9.39827 0 9.89846 10.5137 0.572579 9.22022 9.98972 1.08663 202930
10.0517 9.77383 0 10.9079 10.3307 0.00627766 9.00177 9.18525 0.515143 5565.14
9.81344 10.0686 0 10.4864 9.47914 0.364626 9.14753 10.1901 0.861101 94420.7
10.6348 9.206 0 9.37153 10.1132 0.0701224 9.78176 10.3155 0 5952.78
10.8367 10.1386 0 9.13843 10.2315 0.500128 10.0108 10.4493 0 4355.27
10.0181 10.8221 0.326661 9.8746 10.4117 0.261534 10.4173 9.36756 0 9242.4
9.4333 10.8483 0 9.94095 10.0582 0.600412 10.1191 9.44606 0.960652 174765
9.597 9.94705 0 9.41231 9.82186 0 10.1134 9.89627 1.07894 65944
9.53011 10.2005 0 9.40535 10.1372 0.120539 10.7654 10.4515 0 3689.4
10.8843 10.8667 0.439335 10.2704 10.6045 0.796219 9.71273 10.0681 0.0458296 107380
9.00348 10.1911 0 10.1109 10.7405 0.34015 9.44978 10.0733 0.411747 22096.6
9.67074 9.16688 0 9.84396 9.0799 0.776016 10.5726 10.0382 0 24654.1
10.2023 9.02802 0.266112 10.8857 10.387 0 10.773 9.80221 0 86.995
10.0135 9.65108 0.308106 9.78286 9.35554 0.744337 9.06482 9.01971 0.374209 138812
9.8478 10.0334 0 9.75192 10.7642 0.355043 10.3703 10.7485 1.08004 141592
10.5729 10.775 0.798355 9.92349 10.5079 0 10.793 10.2671 0.40137 90070.9
9.26576 10.8612 0.637339 9.33564 10.819 0 9.49385 9.24702 0.345888 50463.9
9.3835 9.84054 0 10.1726 10.2196 0 10.53 10.4565 0 9953.59
10.3327 9.38569 0.350954 10.945 9.90652 0.251524 10.2457 9.82253 0 10500.9
10.4951 9.14576 0.230406 9.12342 9.03278 0 10.3235 10.6289 0.131953 376.482
10.5984 10.372 0.332765 9.30457 10.5319 0 9.26447 10.6054 0 103.1
9.29334 9.15241 0.945698 10.9537 9.06964 0.492804 9.43623 10.1882 0.622385 341338
10.038 10.0723 0.918964 9.2522 9.26753 0.371035 10.1267 10.9177 0 107011
10.9772 9.75143 0.277831 9.32942 9.54579 0.0914243 10.045 10.6886 0.518317 37965.8
9.0282 10.4603 0 10.8005 9.13941 0.00408032 9.08515 9.65853 1.06295 64657.7
10.8544 10.1324 0 9.87399 10.905 0 10.154 9.53822 0.457036 2841.93
9.69613 9.1623 0.802933 10.0948 9.38551 0 10.2889 10.5595 0.833207 196057
10.0946 10.8461 0 10.4947 10.1884 0 10.2484 10.5475 0 9574.16
9.9935 9.52309 0 9.20936 10.2622 0.357424 10.5519 10.6039 0 313.34
10.5796 9.63656 0 10.7596 10.5692 1.06307 9.05817 9.70699 0 64894
10.9642 9.90463 0.597482 9.66622 10.7469 0.558174 9.32307 9.15662 0.196774 122140
9.77737 10.7629 0.233213 10.8139 10.0801 0.408878 10.684 9.94363 0 13363.9
9.94168 10.5079 0.564522 9.2804 10.8212 0 9.99527 9.88821 0.25128 28912.6
9.38313 9.08441 0.510199 10.284 10.6906 0 10.4943 9.12366 0 4815.27
9.08972 9.97867 0 9.69381 10.7532 0.0103061 9.33821 9.64064 0.22241 601.846
10.0678 10.3868 1.08297 9.47969 9.30042 0.504401 10.8973 10.4956 0.0960631 210487
9.02893 9.06476 0 10.991 10.6945 0.456243 9.88882 10.2325 0 2702.63
