-3.20139 0.532212 0.753777 -2.01658 0.0921659 2.94159 -1.2325 0.789514 0.890561 0.806036 0.0634785 
7.73441 0.231542 0.586047 -1.29232 0.19715 0.236305 2.93086 0.0607318 0.529466 -1.58551 0.239265 
13.8117 -0.225981 -2.01798 -1.85704 0.119633 -1.48531 1.15637 0.0418104 -0.133396 -0.51342 0.221564 
-24.2103 -0.0589642 0.297464 2.58838 0.0735496 -1.36354 -2.98972 0.192877 -2.343 0.88523 0.542924 
10.8473 0.736621 -0.939085 -2.19586 0.0589007 -0.54796 -0.637101 0.18952 -1.00592 0.216394 0.0479141 
22.5461 -0.993571 2.82018 -1.83057 0.0180059 2.75793 3.01638 0.19837 1.49574 -2.77112 0.0259407 
1.14037 0.193959 1.62081 -2.68004 0.115665 -0.491928 1.51514 0.307627 -1.64333 -0.481397 0.536515 
-27.0913 -0.627513 -2.2465 2.12549 0.617695 1.32051 -3.02865 0.27955 0.723197 -0.158676 0.178838 
30.6742 -0.283507 0.155004 2.2833 0.50325 2.02512 -2.56518 0.0271615 -1.88632 0.493669 0.0790429 
-1.04882 -0.209107 0.491379 2.42654 0.116581 -2.65941 0.295588 0.28901 1.41902 0.757714 0.489517 
-0.00508642 -0.653208 1.54573 1.82444 0.385754 0.949705 3.10746 0.338145 -0.786554 1.34218 0.0412 
-0.230923 -0.0292424 -2.30088 -0.188206 0.488907 -2.86541 0.542375 0.968963 -0.0530107 -0.425213 0.31373 
5.86464 -0.600284 0.409528 2.45531 0.202033 -1.64937 1.11706 0.762047 -1.58327 -1.14774 0.114444 
5.53097 -0.637101 0.241615 2.73335 0.351573 -2.0958 -1.57669 0.40437 0.856136 1.25225 0.620746 
6.10675 -0.447648 -1.38368 2.04457 0.209357 -2.68633 3.00813 0.144353 -1.00409 3.08023 0.162358 
20.2165 -1.2906 -1.76785 1.94927 0.0912503 1.78268 0.0196547 0.0308237 0.997497 0.856275 0.0143437 
-22.6193 0.445923 -0.38554 -2.37094 0.144658 0.55327 -1.46356 0.158391 2.74163 0.310353 0.9064 
0.298064 0.103067 1.64351 -1.43671 0.193487 -0.579455 2.00814 0.0820948 -1.77187 0.672383 0.884426 
-17.2786 0.825786 2.78375 -2.67621 0.587176 1.46937 0.0618405 0.137638 1.79092 2.99183 0.836207 
-30.2449 -0.144486 1.51204 -0.619651 0.0436415 -2.28147 1.68024 0.415357 -0.169469 -1.80948 0.329295 
3.06711 -0.615049 -1.06488 1.87123 0.544755 0.364299 1.52051 0.118412 0.122959 -1.49558 0.687887 
-4.02132 -0.270276 2.15146 -0.86011 0.12299 -1.77334 2.03268 0.357372 1.34046 0.559824 0.00518815 
23.5349 1.5533 1.58089 -1.74026 0.0427259 0.75341 -2.93833 0.0332652 -2.96429 -1.36826 0.0863674 
-15.6652 -0.220804 1.57228 1.47506 0.610981 -0.982482 -1.35177 0.0704978 2.79638 1.40527 0.133366 
5.6388 -0.0854262 -0.576891 -1.57669 0.216987 2.85479 -1.84035 0.0350963 -1.01929 -2.25051 0.153203 
23.8156 -0.370755 2.26096 2.2438 0.0558489 2.6054 0.626171 0.281686 0.790216 -2.11705 0.153203 
-27.191 0.597024 -0.000640889 -1.58686 0.104373 -2.83227 0.531445 0.00885037 -1.48292 -1.78129 0.00305185 
-7.71203 0.236911 0.59685 0.0631828 0.0561541 1.74935 -1.55733 0.0668355 -2.63909 -1.44496 0.641804 
-2.2187 0.0330775 -0.618824 -0.0950138 0.783105 1.72573 0.0305847 3.76019 0.116733 2.14409 0.508744 
-15.4495 -0.141802 1.41316 0.290602 1.34129 -0.0872524 -2.76058 0.251167 1.9722 0.161744 0.152593 
-1.30517 0.424255 1.28553 0.483123 0.000305185 -0.365764 -1.43556 0.00854518 0.639698 -0.0896447 0.26368 
13.95 0.0806323 2.88244 -0.117257 1.51769 -0.194555 -0.0163949 1.00986 2.02493 0.670849 0.00732444 
18.8554 0.91035 -2.50578 -3.07429 0.671102 -1.90902 -2.75406 0.230415 -2.89654 2.23901 0.0442518 
23.7465 -0.248033 1.71072 1.15081 0.19776 -0.123142 0.0346115 2.70211 1.64132 -0.665864 0.722983 
6.95517 -0.465673 -2.3234 2.95214 0.278024 -1.08411 -0.0666343 0.225532 -1.43312 0.794722 0.0161748 
-18.0334 0.198944 2.70428 -1.92837 0.390942 -2.6032 2.73795 0.367443 -0.491012 -1.39012 0.0814844 
22.1961 0.0930963 -0.187231 -1.93815 0.187078 1.81454 -0.619651 0.17365 0.84698 1.40277 0.10712 
-11.0569 -0.766151 -1.54939 2.47851 0.14893 -0.0729698 2.24246 0.144658 -0.827021 0.0848509 0.0888089 
-2.47302 -0.641319 1.0539 2.99452 0.245674 -0.1854 0.29578 0.467238 2.65374 1.7997 0.186773 
-16.6906 0.431541 1.48915 -0.180728 0.0332652 -0.925352 2.35521 0.00824 2.01798 -2.32281 0.241401 
11.6876 -0.0443909 0.704703 1.26068 0.13947 -2.48289 -1.69174 0.191961 0.413556 2.70229 0.498367 
-15.0914 0.848797 1.80813 -2.81274 0.455641 -0.957762 0.584369 0.426649 1.28993 -1.87257 0.255745 
-4.99995 0.417927 -0.746452 -2.20277 0.19013 2.7213 1.06797 0.109867 2.19614 -2.39184 0.464797 
-2.47912 -0.0434322 -1.00684 0.00604023 0.0833155 1.37965 -0.127228 0.485855 1.20789 1.40488 0.411084 
11.9724 -0.716487 1.82351 1.85819 0.124821 -0.0138249 3.13143 0.393384 0.315775 1.93911 0.394299 
-15.4759 -0.707283 -0.7622 -1.56845 0.158391 -1.03998 1.07756 0.0784326 1.67061 2.83709 0.0674459 
23.9031 0.4325 0.269448 2.24783 0.0991852 -0.963439 -1.14122 0.0222785 -2.88244 -0.206231 0.0585955 
10.0558 0.31553 -1.56606 -1.75694 0.0766015 -1.03174 -1.94371 0.19776 -2.29814 -2.73258 0.207526 
-12.6316 0.895584 -1.92624 2.867 0.129093 0.193457 2.1462 0.0668355 0.884518 0.441321 0.0665304 
6.1332 -1.73834 0.0907315 -2.19836 0.10651 1.4593 -1.44189 0.112308 1.97128 1.48408 0.00335704 
2.35705 0.216777 2.92987 0.118983 0.141911 -0.136692 -2.44764 0.37904 0.55034 2.9414 0.864589 
-18.9856 -0.0169702 1.03467 0.0631828 1.26499 1.40675 0.0192712 0.265816 0.882687 1.09808 0.3708 
20.1738 -0.360592 -0.6245 0.732402 1.10874 -0.208106 -0.179961 0.00518815 -2.97034 -3.05185 0.234382 
27.6223 -0.243239 -2.87713 -0.159635 0.212104 -1.54903 1.48503 0.705283 -1.47066 1.38647 0.279855 
-24.2917 0.048993 -2.96832 -0.757906 0.319834 -2.24412 -2.77151 0.0375378 -1.35676 0.899803 0.153813 
16.654 0.124927 2.37962 -0.318598 0.118107 -0.868954 0.966342 0.077517 2.9328 -2.89461 0.391552 
-0.0417086 -0.708241 -1.00446 2.30229 0.655538 2.0242 0.634992 0.11597 -0.851192 -2.92395 0.0482192 
-29.5999 -0.290219 -1.85739 -1.12626 0.18189 2.00479 0.890024 0.130924 -0.982665 -2.54486 0.129093 
9.40479 -0.562509 2.38456 2.08503 0.00579852 0.630909 2.37688 0.402844 -0.690786 -2.92491 0.0970489 
13.7995 0.148321 0.670461 0.431733 0.273446 -1.90884 -2.70324 0.230415 1.78854 0.69712 1.31077 
23.8339 0.16347 -2.66839 -0.324351 0.7004 -2.57317 -2.12223 0.272225 -1.48018 2.53987 0.867336 
-21.779 0.305176 0.813288 0.562317 0.237434 0.0597858 -2.18263 0.160833 -1.40675 2.22789 0.0442518 
22.9286 -0.570371 -0.94586 2.41159 0.529496 -1.69662 -2.81139 0.322886 1.35163 3.02673 0.105289 
28.6314 0.810254 1.80355 -3.02942 0.41963 1.944 1.68465 0.0622578 1.54555 0.468358 0.0598163 
24.3121 -0.0838921 2.85882 0.170565 0.523392 1.38917 -2.70248 0.0668355 0.609851 -1.14966 0.21363 
-1.36214 -0.689258 2.67589 1.88196 0.245369 -0.293619 3.0856 0.388806 -2.92529 2.38148 0.0289926 
28.3161 -0.389355 2.06595 2.5602 0.101321 2.46623 2.0438 0.00976592 2.46879 1.81312 0.676901 
27.9621 0.263182 0.948241 -0.484273 0.961638 1.48933 0.313229 0.529496 1.65596 0.253594 0.557878 
13.7262 -0.910158 0.0760826 0.239021 0.26307 -1.83615 -1.15234 0.0302133 -0.0762658 1.78551 0.0360118 
-16.9123 -0.14276 -2.11649 2.74639 0.0381481 -0.068392 -0.0104506 0.197455 -0.150975 0.234994 1.08768 
-7.60623 0.046692 -1.71877 -1.52185 0.138554 -0.301309 -0.516296 0.216376 -1.92074 1.98033 0.220038 
9.78729 0.0884942 -1.68783 -0.0773725 1.2537 0.591906 -0.884846 0.186163 -1.37251 -2.14984 0.524918 
25.7444 -0.517255 0.927915 1.28465 0.0680563 -2.74364 1.3255 0.634785 -0.725394 -0.136241 0.458998 
4.28175 -0.392999 -1.9603 1.22943 0.495926 -0.648122 -2.20027 0.285653 2.48125 -1.50191 0.141606 
-17.2155 0.491176 2.36552 -2.42348 0.170904 2.49608 -3.09039 0.328074 0.317606 -1.7742 0.264595 
-25.5918 0.232501 -1.13684 -0.80872 0.756859 1.26026 2.14275 0.155644 -1.31318 -2.25205 0.143132 
-29.2622 -0.0114093 2.27433 -1.32971 0.194708 0.62743 -2.84783 0.29664 2.68157 1.34486 0.0589007 
-10.1535 -0.365194 0.560045 0.887339 0.782495 -1.42305 -3.08656 0.119938 -0.848628 0.0716199 1.91748 
-18.3854 -0.307093 -0.437361 1.39453 0.904874 2.7702 1.31917 0.0225837 -2.12217 -1.54544 0.0207526 
11.6164 -0.41505 1.82479 0.890024 0.969573 2.34776 -1.0323 0.960723 -1.15827 -0.758673 0.0405896 
26.8919 -0.0108341 1.3075 3.10784 0.115665 2.74841 -3.07448 0.236824 -0.416669 -0.02023 0.641499 
-8.02535 -0.32646 -2.4481 0.788586 0.892666 0.742973 -0.711885 0.663167 -0.485885 1.86701 0.215461 
-2.0539 -0.861644 -2.38768 2.61542 0.00976592 1.78268 2.26701 0.0457778 2.97473 2.97093 0.350658 
-27.6365 -0.233268 2.68633 2.92683 0.225837 -0.405499 -1.75042 0.212409 2.72845 -2.16825 0.541093 
-32.0434 0.331254 2.64623 -0.724732 0.0686666 -0.33372 -1.70459 0.574053 -2.34245 0.551004 0.0112918 
1.31942 -0.559632 2.54149 2.25147 0.438246 1.7684 -1.32435 0.559404 -2.82018 1.32262 0.854823 
28.5114 0.545443 -0.584399 1.79644 0.127567 -2.42503 -0.796256 0.0744652 -2.60228 -0.483123 0.00244148 
-11.9887 -0.270276 -0.955565 1.57036 0.12421 -1.55654 0.323392 0.0531022 2.20035 2.93239 0.551775 
-32.4096 0.0620322 -0.62212 -2.56499 0.0711081 0.347819 0.677944 0.710776 -1.90738 2.06797 0.0186163 
7.7812 0.697887 0.345439 -2.31283 0.596332 -2.11264 -1.27276 0.194708 0.604724 -1.02636 0.23072 
-22.8492 0.60642 -1.78909 -2.31379 0.589618 1.57595 1.80258 0.342723 0.92169 -1.59759 0.150456 
-16.0171 0.667398 2.09543 -1.40488 0.158391 1.59169 -3.00698 0.16419 -0.537339 0.522241 0.259102 
-13.7201 0.330104 -1.76748 -2.57956 0.299081 0.414472 2.86182 0.284127 2.29337 -1.28408 0.524613 
-20.5542 0.42157 2.75958 -2.05397 0.124516 0.577807 -0.481205 0.533464 1.72866 -1.0394 0.695212 
-17.6651 -0.263565 -2.33952 0.604695 0.938444 -0.690786 1.2858 0.334483 -2.5056 0.815432 0.0418104 
-20.0151 -0.373823 -0.197302 1.93853 0.180364 1.17328 -1.74122 0.273446 1.53969 1.47161 0.256355 
-26.135 0.326077 -1.94198 -0.648606 0.669271 1.34193 -1.46394 0.51149 -2.44664 -0.755988 0.112918 
27.0282 0.0211888 2.90716 -0.609872 0.011597 1.97458 -0.451867 0.307627 0.479293 1.21006 0.797449 
6.00299 -0.286576 -2.29191 0.239979 0.0122074 -2.56877 -2.57995 0.217292 1.50014 -2.8321 0.191046 
16.7435 -0.421762 1.7662 1.14793 0.207221 1.40089 1.30114 0.733665 1.47304 -3.02232 0.19715 
19.1402 -2.3205 -1.17585 1.78705 0.0360118 2.27982 0.651099 0.10773 0.87756 2.48119 0.0561541 
-3.44147 0.621185 -1.712 0.581684 0.0125126 2.95917 -1.08254 0.00183111 0.80285 -1.61907 0.0158696 
11.6489 0.360592 -2.04727 -2.48886 0.278329 -0.261574 0.850714 0.0668355 1.56771 0.706132 0.538347 
13.7669 0.386096 2.55339 -1.66298 0.32899 -2.03885 0.730293 0.405591 2.82989 -1.12147 0.76632 
-32.7189 0.124736 -0.736015 -2.39414 0.0585955 -0.917844 1.92127 0.195624 2.99048 0.192808 0.386364 
18.2775 -0.288685 -2.02933 1.14582 0.306711 -1.60909 -0.239596 0.56032 0.398907 -1.77056 0.279855 
9.02229 0.791079 -1.51588 -3.01082 0.34547 1.49043 0.438061 0.331126 2.47942 1.91763 0.0268563 
27.7342 0.199328 1.38734 -2.31878 0.224311 -1.08374 -1.3602 0.191656 2.09635 3.03555 0.0137333 
-13.5675 0.689641 0.905759 -0.172099 0.0729392 -0.612964 1.64381 0.0708029 2.58965 1.01217 0.0604266 
22.5745 -0.463947 -1.8779 2.94179 0.306711 -0.997681 -1.08465 0.145268 -1.08429 1.22252 0.356761 
-30.8959 -2.80372 2.04398 1.84783 0.029603 0.810541 -2.74217 0.00366222 -0.40257 -2.02655 0.0433363 
-1.29093 0.539307 -2.15806 1.52741 0.06592 2.33329 -2.77017 0.907315 2.32633 1.6603 0.0360118 
7.2278 -0.0507188 -0.243263 -0.276413 0.085757 0.0297555 1.32856 0.319224 1.01965 -1.88963 0.562151 
19.6427 0.0794818 -2.31736 -0.126845 0.680868 -2.04233 -2.70593 0.269478 2.24778 -1.08082 0.0552385 
17.6814 0.0560879 -2.32945 -0.674876 0.0790429 -2.33769 -0.0478425 1.74291 -0.259194 1.18456 0.638447 
28.9814 -0.395683 -1.29176 1.26145 0.0640889 0.807062 3.1134 0.357982 -0.189978 -1.63192 0.258797 
-11.4414 -0.154266 -0.946959 0.10767 0.704978 -0.214698 1.60833 0.591449 -1.06323 -0.711309 0.0646992 
-22.6396 -0.265674 -2.64898 0.529144 1.04312 0.0467849 -2.26317 0.14832 1.08795 -0.0488013 0.733055 
3.73038 0.68945 -2.20988 -2.24745 0.0134281 -0.661672 2.59874 0.18891 2.64733 -2.18359 0.0552385 
5.28072 -0.141802 2.89471 -0.448991 0.266732 -0.220557 2.13009 0.202033 2.74163 3.06969 0.203558 
