1779.45
10.8835
0.914773
0.629644
0.591702
0.586655
0.577512
0.526808
0.364247
0.326225
0.319661
0.319659
0.280815
0.27938
0.273343
0.247257
0.24011
0.227374
0.221883
0.216448
0.208182
0.199641
0.190613
0.187053
0.185015
0.18079
0.179188
0.178052
0.176417
0.168065
0.166355
0.165912
0.165664
0.161108
0.160727
0.156584
0.153808
0.152185
0.142112
0.140463
0.137282
0.136828
0.136454
0.132532
0.13178
0.131618
0.131614
0.130497
0.127084
0.123009
0.122669
0.122495
0.120325
0.120063
0.117566
0.116026
0.109204
0.109127
0.10784
0.107139
0.106117
0.102608
0.100076
0.0979662
0.0965758
0.096348
0.095909
0.0958166
0.0925269
0.0896256
0.0884509
0.0828772
0.0828013
0.0814089
0.0810833
0.0799477
0.0797928
0.0774444
0.0759332
0.0742414
0.0727792
0.0722825
0.0713238
0.068222
0.0677199
0.0649582
0.0635989
0.0629751
0.0623449
0.0616408
0.0607801
0.0596775
0.0556859
0.0536842
0.0462647
0.0442479
0.0442087
0.0434576
0.0389045
0.0254272
