16.4232
11.8351
11.1037
4.16855
3.21933
2.11759
1.76572
1.58352
1.36066
1.28067
1.26797
1.24531
1.15791
1.13078
1.11606
1.09115
1.07441
1.07077
1.06333
1.06086
1.03946
0.988813
0.929643
0.902756
0.891406
0.865794
0.861339
0.854514
0.834576
0.832779
0.811497
0.797154
0.764312
0.756059
0.740574
0.740523
0.736066
0.730478
0.717594
0.715292
0.714422
0.712394
0.69662
0.696437
0.684722
0.678283
0.659499
0.644301
0.643914
0.637024
0.635939
0.626961
0.623648
0.620698
0.617198
0.616206
0.61323
0.607215
0.599025
0.59477
0.59056
0.58627
0.582239
0.577862
0.55637
0.55216
0.548864
0.535554
0.524121
0.519387
0.511638
0.502165
0.501662
0.499638
0.497284
0.492754
0.491775
0.486849
0.479036
0.478804
0.477465
0.473754
0.473004
0.468089
0.463087
0.46175
0.458611
0.457691
0.456449
0.451325
0.450739
0.449796
0.445867
0.442646
0.43852
0.438298
0.437679
0.434873
0.43486
0.432117
0.427676
0.427094
0.424191
0.422323
0.422095
0.418225
0.417993
0.414464
0.412056
0.409497
0.407763
0.407385
0.404434
0.402892
0.401909
0.401842
0.400887
0.395698
0.393888
0.393425
0.390922
0.389744
0.389054
0.38836
0.385838
0.383321
0.382007
0.377036
0.375829
0.37489
0.366442
0.366151
0.365403
0.365019
0.364762
0.362742
0.362646
0.361081
0.357997
0.357943
0.353144
0.349932
0.349774
0.34917
0.348746
0.348627
0.344262
0.34279
0.337617
0.333217
0.3305
0.330049
0.329843
0.328379
0.327739
0.326611
0.325891
0.323915
0.3226
0.321961
0.321192
0.320222
0.320163
0.31204
0.312031
0.311542
0.311535
0.311164
0.311026
0.309869
0.308311
0.306445
0.30627
0.30587
0.304954
0.304875
0.304263
0.303877
0.302091
0.298008
0.296995
0.295932
0.29285
0.292023
0.291589
0.289642
0.286488
0.285814
0.285136
0.282543
0.282281
0.281921
0.281074
0.280713
0.279566
0.279411
0.278503
0.277106
0.275348
0.275106
0.27334
0.272675
0.270876
0.270793
0.270639
0.269255
0.266647
0.264862
0.264023
0.263815
0.262196
0.261663
0.260921
0.259386
0.258922
0.258888
0.258262
0.256609
0.25473
0.254598
0.254413
0.252414
0.252289
0.251999
0.251775
0.251438
0.251108
0.249862
0.249087
0.248881
0.247492
0.247065
0.245888
0.240985
0.239618
0.239602
0.23927
0.238763
0.238542
0.238119
0.237886
0.237104
0.235454
0.235188
0.233836
0.233502
0.232642
0.232356
0.232172
0.231934
0.230019
0.229598
0.229477
0.225104
0.222856
0.222085
0.221964
0.221883
0.2202
0.219031
0.218742
0.21784
0.216154
0.215757
0.21506
0.215045
0.214846
0.214057
0.213938
0.213584
0.213381
0.213324
0.213017
0.212498
0.211765
0.211149
0.209014
0.208349
0.208237
0.208003
0.206442
0.206441
0.206381
0.205732
0.20465
0.204403
0.203467
0.202408
0.201989
0.201467
0.201375
0.200382
0.200344
0.199741
0.1989
0.198132
0.197313
0.197172
0.196785
0.196468
0.196133
0.195816
0.195576
0.19494
0.194703
0.194226
0.193572
0.193314
0.193084
0.19304
0.192949
0.192532
0.192479
0.192357
0.192289
0.1918
0.191385
0.19126
0.190311
0.19008
0.190029
0.189191
0.188515
0.186073
0.185454
0.184115
0.183996
0.183473
0.183349
0.182097
0.181763
0.180384
0.18033
0.17931
0.178927
0.177569
0.177445
0.176473
0.176383
0.175892
0.175077
0.17458
0.174339
0.173494
0.173423
0.173173
0.172764
0.172181
0.17204
0.171739
0.170993
0.170799
0.170441
0.170019
0.169633
0.16925
0.168797
0.168668
0.168344
0.168259
0.16804
0.166711
0.166301
0.166263
0.166141
0.16545
0.164638
0.164601
0.164225
0.16393
0.163894
0.163778
0.163727
0.163064
0.162991
0.162382
0.162076
0.161713
0.160752
0.16064
0.160637
0.160546
0.160267
0.159631
0.158696
0.158368
0.157719
0.157344
0.157069
0.156574
0.15604
0.155832
0.154749
0.154476
0.153925
0.153714
0.153459
0.153392
0.152904
0.152639
0.1521
0.15192
0.151872
0.151668
0.151595
0.151428
0.151146
0.150935
0.150813
0.150784
0.150768
0.150642
0.150348
0.150118
0.149898
0.14968
0.149185
0.1491
0.148689
0.148338
0.148229
0.147712
0.147094
0.146976
0.146848
0.146389
0.146285
0.146161
0.145792
0.145539
0.145142
0.144931
0.144605
0.144242
0.142598
0.141858
0.141496
0.141327
0.140629
0.140427
0.140426
0.140132
0.139973
0.138411
0.13802
0.13709
0.136659
0.136184
0.135856
0.135738
0.135722
0.135654
0.13477
0.134045
0.132987
0.132923
0.132797
0.132623
0.13247
0.132021
0.131931
0.131379
0.131345
0.131246
0.131074
0.13057
0.130462
0.130208
0.129769
0.129719
0.129332
0.129244
0.128473
0.128341
0.12808
0.127533
0.127458
0.127309
0.12725
0.12679
0.126629
0.126613
0.126532
0.12609
0.125862
0.125627
0.125359
0.125295
0.125195
0.125084
0.124809
0.124702
0.124696
0.124538
0.124471
0.124333
0.124168
0.124025
0.123456
0.123393
0.122958
0.122305
0.122299
0.122217
0.122215
0.122192
0.122162
0.121972
0.12092
0.12036
0.120032
0.120026
0.12
0.119623
0.119203
0.118953
0.11895
0.117909
0.117792
0.117303
0.117091
0.1169
0.115966
0.115729
0.114906
0.114642
0.114626
0.114222
0.114006
0.113807
0.113138
0.112895
0.112594
0.112564
0.112021
0.111984
0.111855
0.111673
0.111442
0.110836
0.110566
0.110136
0.109332
0.106797
0.106769
0.106751
0.106544
0.106428
0.106189
0.106155
0.106011
0.105579
0.104528
0.104007
0.103952
0.103832
0.103801
0.103533
0.103373
0.102885
0.101758
0.101585
0.101377
0.101285
0.101112
0.100989
0.100947
0.100873
0.100868
0.100538
0.100372
0.10018
0.0999423
0.0999102
0.0994952
0.0994654
0.0988901
0.0985656
0.0984872
0.0983538
0.0983448
0.0978216
0.097671
0.0975662
0.0975491
0.0975022
0.0973699
0.0970852
0.0961088
0.095822
0.0956607
0.0955902
0.0952579
0.0949074
0.0943762
0.0941843
0.0939032
0.0938553
0.0934544
0.0933412
0.0930175
0.0925681
0.0924608
0.0922832
0.0922062
0.0920708
0.091988
0.0919723
0.0913316
0.0906119
0.0905629
0.090248
0.0901731
0.0900883
0.0900865
0.0900847
0.0899978
0.0888084
0.0886564
0.0884316
0.088202
0.0880559
0.0876102
0.0875692
0.0873355
0.0871931
0.0869124
0.0868322
0.0866002
0.086311
0.0858111
0.0856804
0.0856393
0.0854932
0.0854617
0.0853311
0.085271
0.0851236
0.0844912
0.0839922
0.083195
0.0829379
0.0828038
0.082575
0.0825376
0.0824357
0.0823351
0.0821807
0.0820743
0.0818716
0.081799
0.0817564
0.0816671
0.0816524
0.0815658
0.0814447
0.0813685
0.0810454
0.0810191
0.080787
0.0807461
0.0806419
0.0802106
0.0801759
0.0801363
0.0799252
0.0798401
0.0798064
0.0797597
0.0794864
0.0790996
0.0789213
0.0788935
0.0788134
0.0784504
0.0780857
0.0780223
0.0778558
0.0775672
0.0775301
0.0773315
0.0770524
0.0769257
0.0768027
0.0767044
0.0759668
0.0755634
0.075272
0.0752277
0.0751715
0.0751646
0.0746079
0.074413
0.0742874
0.0737783
0.0737598
0.0736223
0.0735778
0.0735549
0.073544
0.0732586
0.0732457
0.0726754
0.0726057
0.0723486
0.0722001
0.0721132
0.0719963
0.0718374
0.0718116
0.0716699
0.0714205
0.0713599
0.0712706
0.0711764
0.0707799
0.0701023
0.0700551
0.0698869
0.0697074
0.0696776
0.0695889
0.0691033
0.0689817
0.0689669
0.0686334
0.0681616
0.0679972
0.067883
0.0678275
0.067511
0.0674996
0.0674817
0.06722
0.0671156
0.067031
0.0668835
0.066846
0.0668135
0.0667857
0.0667646
0.0664323
0.0662226
0.0661574
0.0661382
0.0646658
0.0641385
0.06358
0.0634411
0.0634243
0.0633904
0.0633012
0.0631493
0.0631008
0.0630458
0.0630196
0.0626928
0.0623576
0.0622507
0.0620207
0.0616584
0.0615765
0.0614497
0.0613551
0.0613336
0.06125
0.0610602
0.0598643
0.0593931
0.0592817
0.0592167
0.0589485
0.0589018
0.0583278
0.0580888
0.0576712
0.0575345
0.0573978
0.057393
0.0572612
0.0572249
0.0572213
0.0568244
0.056547
0.0563998
0.0563837
0.055846
0.0554363
0.0551444
0.0545495
0.0545097
0.0544592
0.0540313
0.053697
0.0536867
0.0535911
0.0531353
0.0530748
0.0528112
0.0527904
0.0526869
0.0525595
0.0524741
0.0524211
0.0523469
0.052039
0.0519415
0.0517547
0.051737
0.0515014
0.0514454
0.0514443
0.0511491
0.0505838
0.0504345
0.0503909
0.0502855
0.0500373
0.0499132
0.0498462
0.0496073
0.0495022
0.0493845
0.0490697
0.0488578
0.0486149
0.0486025
0.0484896
0.0484814
0.0483693
0.0483266
0.0482188
0.0481466
0.0481197
0.0477589
0.0473368
0.0471171
0.0470944
0.0468495
0.0461961
0.0451768
0.0445402
0.0445388
0.0438341
0.0433978
0.0431091
0.0427435
0.0422765
0.0420907
0.0416751
0.0415147
0.0411966
0.0411901
0.0411885
0.0410056
0.0405617
0.0404927
0.0403917
0.0403747
0.0403459
0.0398468
0.0392674
0.0389999
0.0389954
0.0387217
0.0386382
0.0385707
0.0382961
0.0381896
0.038149
0.0375616
0.0374586
0.0373597
0.0369558
0.0369144
0.0365397
0.0365085
0.0357049
0.0355148
0.0354753
0.0354729
0.0352836
0.0352823
0.0348149
0.0347462
0.0346762
0.0345468
0.0345075
0.0344847
0.0344659
0.0342096
0.0340684
0.0338658
0.0330573
0.0330186
0.0330013
0.0328003
0.0326125
0.0322658
0.0322404
0.0315406
0.0314882
0.031416
0.0310571
0.0309868
0.0308566
0.0308072
0.0307105
0.0306307
0.0305679
0.0304914
0.0303699
0.0303289
0.0301395
0.0297595
0.029688
0.0295781
0.0295195
0.0291944
0.0289061
0.0288669
0.028845
0.0287927
0.0286903
0.0285876
0.0284317
0.028285
0.0282073
0.0279084
0.0276233
0.0275684
0.0274911
0.0267025
0.0265048
0.0263193
0.0261727
0.0260604
0.0252902
0.0251254
0.024955
0.0248432
0.0240979
0.0237953
0.0237154
0.0236153
0.0232166
0.0228243
0.0226375
0.0222051
0.0217909
0.0216573
0.0213133
0.0207628
0.0207451
0.02064
0.0205175
0.0202999
0.0201403
0.0200733
0.0199108
0.0192921
0.0190291
0.0189952
0.0185974
0.0176444
0.0175334
0.0171917
0.0171706
0.0171246
0.0170528
0.016944
0.0168181
0.0167617
0.0167043
0.0163339
0.0162408
0.0161804
0.0159357
0.0156913
0.0148512
0.0145461
0.0142397
0.0141669
0.0133332
0.0129919
0.0107355
0.00989245
0.00971478
0.00930146
0.00848907
0.0077134
0.00670584
0.00625451
0.00593057
0.00549839
0.00533401
0.00480364
0.00378661
0.00324026
0.0025262
