0.520559 -1.31177 -0.305377 0.0602874 -0.118541 
-0.614949 -2.82869 0.325832 0.277887 0.275037 
-1.21734 -3.6076 0.285721 -0.308236 0.129327 
0.175818 0.0126835 -0.083794 0.0893914 -0.059185 
0.670165 1.61095 0.290099 -0.0827041 0.265749 
-0.133236 -0.0171489 0.0858758 -0.0810287 0.0903276 
-1.74015 -0.789202 0.0386728 -0.32748 -0.0459547 
0.110173 -0.00180818 -0.0668708 0.162048 -0.0853459 
-0.323116 0.0165783 -0.0982694 -0.228585 -0.118097 
0.247261 -0.0115841 0.0437056 -0.0845737 0.146746 
-0.789077 -0.978596 0.153541 0.00401055 0.056912 
-0.0277811 0.106951 -0.27072 -0.0174 -0.173639 
0.665456 0.251072 0.0745516 -0.0921707 -0.00805676 
-0.00842329 0.000142786 -0.033215 -0.0694393 -0.343248 
-0.107895 0.498285 -0.0780693 0.0948667 0.0143226 
0.218422 0.0472996 0.128273 0.177726 0.21449 
1.23365 -0.925848 -0.125965 0.241812 -0.12613 
-0.0967322 0.443104 -0.280441 0.0347524 -0.182333 
-0.17826 -0.0458558 0.149762 -0.224137 -0.0174736 
0.309532 0.0476852 0.0888725 0.322119 0.132734 
-0.932865 0.238132 -0.0417172 -0.0761815 -0.0546166 
-0.922916 0.0144897 -0.0057989 -0.202277 -0.090365 
0.65793 -0.17588 -0.16697 0.260889 -0.118206 
0.979015 0.236658 0.0814733 -0.0111071 0.122805 
-0.648189 -0.797165 0.100389 -0.20767 0.0570684 
-0.385223 0.0249628 0.0434332 -0.103215 0.162765 
0.257229 -0.0849206 -0.116572 0.291279 0.0923403 
0.155924 0.089958 0.0524211 0.0683175 0.0442995 
0.126989 -0.0142602 -0.0317996 0.195142 0.024637 
-0.503883 0.0037619 0.0499523 -0.140939 0.0623287 
-0.623928 0.0783751 -0.116334 -0.163889 -0.130331 
0.208338 0.00370892 0.0569561 0.246228 0.062652 
0.901061 0.362415 0.0220333 0.119707 -0.0209948 
0.290132 0.0862525 0.138286 0.159668 0.109128 
-0.388574 0.125585 -0.130514 -0.189273 -0.167026 
-0.654813 0.134808 -0.0108969 -0.101896 0.059608 
-0.244203 -0.314109 0.11494 0.0365149 -0.0635801 
0.380977 -0.01631 0.0483261 0.0897631 -0.0206847 
0.590208 0.706353 0.0783793 0.085178 0.00394103 
0.767929 -0.512504 -0.106818 0.281358 -0.0332325 
-0.195486 -0.020445 0.0690038 -0.239 0.140728 
0.506117 -0.129052 -0.13571 0.158094 -0.194796 
-0.541867 -0.0451219 0.0161102 -0.246041 -0.00885642 
-0.36244 -0.0776542 0.120076 0.00472208 -0.0271135 
0.0526551 0.00935793 -0.137835 0.0555909 -0.0955404 
0.336334 0.0139274 0.0379009 0.177784 0.0486103 
-0.533055 0.0933898 -0.0553 -0.318458 -0.0674697 
-0.361582 -0.0228516 0.0155469 -0.247123 -0.00159064 
-0.462089 -0.152867 0.147672 -0.124325 0.15035 
0.610509 -0.239637 -0.0965293 0.335806 -0.0244389 
-0.834857 -0.319663 -0.0123541 -0.306373 -0.143073 
-0.777354 0.114757 -0.0494846 -0.188932 -0.0771825 
-0.53561 -0.297399 0.106944 -0.0948113 0.124244 
-0.509998 0.08694 0.00731479 -0.340691 0.0949325 
-0.182367 0.0267553 -0.0634648 -0.227443 -0.119392 
-0.0898695 -0.103217 0.140312 -0.0183219 0.138673 
-0.363743 0.0226616 -0.038099 0.0255581 -0.0382306 
-0.522092 0.268231 -0.0953076 -0.270243 -0.0500581 
0.738273 -0.653043 -0.250919 0.0624987 -0.317535 
0.0397958 0.00855132 0.0391509 0.183331 0.101191 
0.350211 -0.0272969 0.0354555 0.183164 0.102684 
-0.765651 0.167446 -0.0364006 -0.318539 -0.0144358 
0.455154 -0.0524061 -0.0950183 0.0196815 -0.100012 
0.323687 0.140337 0.15457 0.200295 0.174864 
0.366948 0.00768799 -0.0347122 -0.0153021 0.0705436 
-0.488622 0.00321567 0.0162713 -0.357978 0.0807143 
-0.337399 -0.00655697 -0.00223067 -0.372865 -0.0370653 
0.0869894 -0.134098 0.188185 0.278505 0.0477649 
-0.426261 -0.064139 0.0128042 -0.292253 -0.0528593 
0.186038 0.0130448 0.149283 0.0778664 0.198132 
-0.277096 0.0231239 -0.121737 -0.128015 -0.0966844 
-0.276236 0.162326 -0.082224 0.0812164 -0.112899 
0.365545 0.0302907 0.00425736 0.139294 -0.0154666 
-0.467005 0.0947328 -0.0998822 -0.0514156 -0.0799318 
0.310178 0.0625201 0.0764649 0.105263 0.112608 
-0.435592 -0.19498 0.17376 -0.275409 0.102449 
-0.3637 0.0272723 -0.0108608 -0.129169 0.0217474 
0.925626 -0.196184 -0.0346221 0.142893 0.0844395 
-0.386921 0.0632597 -0.0350316 -0.0854655 -0.0792781 
-0.400282 0.068167 -0.0695557 -0.0327248 -0.278455 
-0.23956 -0.00347292 0.0478938 -0.0687128 -0.0895764 
0.432273 0.1446 0.115475 0.0586015 0.0790307 
0.444112 0.160861 0.108659 -0.0821361 -0.0242259 
0.0285791 -0.00729939 -0.0908493 0.10476 -0.0908145 
0.260678 -0.0363979 -0.0457335 0.196716 0.0425696 
-0.0842763 0.0323644 -0.170979 -0.268624 -0.264348 
-0.315996 -0.0160374 0.0572664 -0.0648629 0.0558703 
0.237683 -0.00529218 -0.108999 0.0455928 -0.064518 
0.489237 0.0565205 0.0224237 0.33355 -0.00242141 
0.356274 -0.0514077 -0.0669011 0.222274 -0.0911769 
-0.317739 0.0882677 -0.182053 -0.100356 -0.264297 
0.0803193 0.00410169 -0.0165614 0.200429 -0.142397 
0.381599 -0.151573 -0.205662 0.036365 -0.171402 
0.0220726 0.0601121 -0.271181 0.152799 -0.293731 
-0.524768 -0.0584829 0.0799812 -0.132113 0.0884689 
0.191443 -0.0621801 -0.160857 -0.0256132 -0.309295 
0.12879 -0.00366586 0.0442908 0.0635346 0.0280815 
0.0112757 0.102704 -0.0741055 0.0725767 0.0780484 
0.435952 -0.0143234 -0.0122022 0.0338049 -0.0163887 
0.386382 -0.113922 -0.148363 0.163909 -0.224312 
-0.328364 -0.0141569 -0.0289022 0.102003 -0.0529145 
0.208148 -0.0575247 -0.0888249 0.349827 -0.0459171 
-0.260122 -0.0611799 0.0989939 -0.219903 0.0570997 
0.57874 -0.173013 -0.0552036 0.144471 -0.0276272 
-0.355681 0.0560873 -0.0595377 -0.328042 0.0610257 
0.195668 -0.00528322 0.0210708 0.0625959 0.0136588 
-0.155559 -0.0267701 0.0747984 -0.224887 0.119664 
0.274521 -0.299653 -0.159136 0.0774495 -0.0461423 
0.322444 -0.0296744 -0.0576624 0.296025 -0.140468 
0.34506 0.0336804 0.0833939 0.215372 0.188138 
-0.135454 0.141401 -0.186437 -0.118306 -0.118234 
-0.280085 -0.408889 0.209319 -0.181927 0.136982 
0.309072 -0.0797717 -0.0358895 0.110646 0.102407 
-0.228094 -0.0659975 0.0385652 -0.147839 -0.0687667 
0.370853 -0.101516 -0.145647 0.19723 -0.201944 
0.0910133 0.0154402 0.1111 0.202545 0.230956 
-0.367683 -0.0497962 0.0992205 -0.0420021 0.139547 
-0.306608 0.00580872 -0.0624241 -0.242788 -0.113672 
0.324004 0.0673505 -0.00561083 0.339774 -0.159991 
-0.163377 -0.00830383 0.0735839 -0.0774783 0.0831951 
-0.229793 -0.0163952 0.0240405 -0.159217 0.0263416 
-0.0583069 0.00115142 -0.0810051 -0.262819 -0.181811 
0.359775 0.0345062 0.0650428 0.168842 0.155427 
-0.170503 -0.1387 0.125574 0.0838351 0.0822647 
-0.146162 0.0474468 -0.172162 -0.0449359 -0.0808314 
0.0970357 0.000795261 0.0290516 0.154316 0.0802861 
-0.323358 -0.0648555 0.132238 -0.310554 0.355755 
-0.203295 -0.00962821 0.0256629 -0.218201 0.0134355 
0.269162 -0.0631627 -0.138433 0.00171006 -0.300289 
0.19759 0.0134279 0.0572209 0.304087 0.042575 
0.740379 0.248415 0.0565169 0.238348 0.000657905 
0.147343 0.0300578 0.172987 0.0878698 0.316766 
-0.0232868 -0.0578943 0.104479 0.223953 0.089701 
0.263671 -0.0230223 -0.0768091 0.0589656 -0.0831443 
-0.405561 0.0336936 0.00362234 -0.0458756 0.0929332 
-0.297826 0.0829073 -0.138677 -0.215304 -0.241577 
0.18884 0.00937286 -0.0468075 0.0641252 -0.0875255 
0.319711 0.0456104 0.0443778 0.224492 0.0982908 
0.188569 0.0232916 0.00458748 -0.0184148 -2.74423e-05 
0.0951955 0.0268826 0.0943605 0.0908211 0.123413 
-0.189477 0.0327042 -0.0209673 -0.0971304 0.0295269 
-0.284367 0.0127978 -0.0188296 -0.162419 -0.0388502 
0.404017 0.0134161 -0.0157369 0.0522419 -0.112762 
-0.0847036 -0.00330783 0.00677445 -0.223714 -0.103073 
-0.0534076 -0.000788803 -0.0243838 -0.144714 -0.0705196 
-0.354658 -0.0805156 0.0564093 -0.345529 -0.00612405 
0.301205 -0.0719654 -0.0683776 0.130707 0.0122047 
0.0450068 -0.136829 -0.103049 -0.20602 -0.0149477 
-0.197661 -0.0573805 -0.172326 -0.0684426 -0.108896 
0.21111 -0.0482402 -0.0687604 0.0453994 -0.200851 
-0.379587 -0.0245195 0.0676129 -0.428133 0.259571 
1.07067 -0.77119 -0.0663965 0.288552 0.0404968 
-0.593747 -0.00890791 0.0345382 -0.125672 0.0502256 
0.32607 -0.0191012 -0.0785104 0.0152071 -0.0473362 
-0.314934 -0.00576178 0.0107309 -0.239934 0.0140176 
0.426428 0.0359638 0.00153939 0.209955 -0.0466026 
0.219901 -0.00298908 -0.0375059 0.0897291 0.0329182 
-0.559545 0.0540683 -0.0416253 -0.252087 -0.0505708 
-0.249727 0.00324388 -0.034517 -0.128394 -0.0812147 
-0.211153 0.0177715 -0.0381381 0.0147804 0.106817 
0.298953 -0.0567426 -0.081709 0.216682 -0.0930304 
-0.166339 0.0671752 -0.133367 -0.235471 -0.170962 
0.227546 0.0243205 -0.00941689 0.119672 -0.0973776 
-0.161855 0.0265036 -0.104358 -0.151706 -0.0969778 
0.344567 7.56737e-05 -0.00489235 -0.0241297 0.0441246 
-0.0740245 -0.00316951 0.0295226 -0.119086 0.156967 
-0.226211 0.00663591 0.0121224 -0.0877698 0.0496593 
-0.417795 -0.130934 0.0766072 -0.30106 0.0421384 
-0.450278 0.167561 -0.0863167 -0.114715 -0.00186641 
-0.237837 0.0117198 -0.0250241 0.00254987 -0.0692287 
-0.280486 0.0755408 -0.0503775 -0.109206 0.0866334 
-0.243229 -0.0315452 0.0486245 -0.193058 -0.0124832 
-0.138509 0.037407 -0.12785 -0.122615 -0.105559 
-0.590018 -0.0360766 -0.0289155 -0.233115 -0.176996 
-0.283708 -0.108848 0.0747465 -0.0270693 0.0215473 
0.186352 -0.0509514 -0.114525 0.128116 -0.178449 
0.227362 -0.0121297 -0.0101214 0.110078 -0.0270511 
-0.173671 -0.014697 0.0331762 -0.198932 0.076644 
-0.42494 0.267238 -0.129054 -0.299819 -0.0742212 
0.270139 0.0717973 0.0416434 0.122946 0.0290445 
0.455934 -0.0164059 0.0295785 0.427557 -0.0291995 
-0.265647 -0.00947133 0.0484889 -0.0416541 0.0752629 
-0.163862 0.014224 -0.0434225 -0.266923 -0.0282573 
-0.371552 0.0383633 -0.0405848 -0.190977 -0.0942571 
-0.210819 -0.00528111 -0.0287275 -0.186416 -0.0912982 
-0.318931 -0.00648088 0.000769225 -0.162601 -0.00126679 
-0.378012 -0.0133079 0.0187736 0.0444948 0.174894 
-0.419346 -0.288125 0.202863 -0.025254 0.354383 
-0.257492 -0.0120321 0.0470521 -0.309019 0.137033 
-0.38962 0.0704049 -0.0633295 -0.217719 -0.0570087 
0.33517 0.15136 0.17991 0.322586 0.175406 
0.173556 -0.0423867 -0.081658 0.205834 -0.14052 
0.194233 0.0363596 0.0842379 0.213025 0.0552019 
0.164638 0.000110882 -0.0612752 0.0911207 -0.103503 
-0.359421 -0.0504809 0.00623681 -0.138926 -0.0172481 
-0.25695 -0.0129114 -0.0192113 -0.241846 -0.155343 
-0.2891 -0.0824356 0.0514443 -0.252527 -0.0222121 
-0.274774 -0.00791819 0.00594765 -0.203716 0.00485434 
-0.221383 -0.0409352 0.083338 0.121016 0.200698 
0.242638 0.0500085 0.0645922 0.111558 0.0103355 
0.353186 0.00849758 0.00903414 0.21849 0.0391216 
0.186308 -0.000505166 -0.0537543 0.0880323 -0.10602 
0.299487 -0.0442289 -0.0746233 0.198885 -0.116287 
-0.205156 0.0233856 -0.0756347 -0.0864632 -0.25558 
0.504281 0.111661 0.0525029 0.244786 0.0495487 
0.330475 0.0527843 0.202471 0.121951 0.155577 
-0.186744 0.0553663 0.229861 -0.207883 0.243736 
-0.0981547 -0.293852 0.185301 0.0697248 0.139581 
0.103526 0.0144071 0.0891545 0.265072 0.152441 
-0.145318 0.00108625 -0.0447074 -0.0349689 -0.0344059 
-0.179441 -0.0302526 0.115161 -0.22937 0.12534 
0.0985511 0.00800514 0.0369128 0.209577 -0.0571212 
-0.164004 0.0243589 -0.013129 -0.0977202 0.0897585 
-0.253492 0.0295352 -0.0517971 -0.217398 -0.0879903 
-0.186186 0.0120669 -0.0506902 -0.152584 -0.0963543 
-0.315949 -0.0304313 0.0440768 -0.215898 0.0634018 
-0.282946 -0.014625 -0.0805753 -0.223975 -0.332096 
0.427715 -0.0720839 -0.0579741 0.0689926 -0.184083 
0.329546 -0.0590944 -0.0549012 0.199993 -0.107788 
0.199621 -0.00282669 -0.0485978 0.168012 -0.0841172 
-0.306328 0.0280799 -0.043124 -0.181518 -0.07154 
0.152621 -0.0744122 -0.14225 0.102179 -0.165446 
0.0539913 -0.00369255 -0.0764771 0.216943 -0.310318 
0.176995 0.0337093 0.0356461 0.162093 -0.0544958 
-0.253159 0.067926 -0.123073 -0.127338 -0.22348 
-0.16564 -0.000789757 -0.0636494 -0.0686074 -0.224642 
0.00202466 0.12789 -0.15156 0.127893 -0.130703 
0.248991 -0.00687306 0.0177868 0.248637 0.155752 
-0.144458 0.00220105 -0.11072 -0.0132567 -0.219403 
0.0910968 0.165283 0.143578 0.08026 0.0884982 
-0.246179 0.0376683 -0.0435678 -0.223763 0.090545 
-0.206471 0.0699462 -0.157566 -0.069157 -0.268648 
0.028991 0.0310216 -0.0819095 0.0147932 -0.0610644 
0.120434 -0.00525147 -0.00464733 0.0556261 -0.162564 
0.0924223 -0.0139768 -0.0164347 0.0506764 0.256815 
0.195038 -0.012071 -0.0438266 0.00425316 -0.0745661 
0.109225 -0.0354311 0.264279 0.117388 0.167417 
0.207472 0.00335932 -0.0262197 0.197585 -0.149044 
0.166596 -0.00395392 -0.0451158 0.0204664 -0.121555 
0.0638828 -0.00698183 0.0276807 -0.128738 -0.0258366 
0.149659 0.0296753 0.0354314 0.0748226 0.00601499 
-0.243789 0.041565 -0.0338235 -0.10976 0.0311939 
0.247111 -0.037529 -0.0791299 0.357523 -0.146168 
0.143254 -0.0143771 -0.0183396 -0.077941 0.0431467 
0.0960374 -0.00500431 -0.0879864 -0.0638861 -0.204221 
-0.0506028 0.00543506 0.139564 -0.103424 0.203851 
0.444125 0.0235707 0.00543497 -0.0637044 0.055 
-0.178513 -0.000258478 -0.0465932 -0.175289 -0.124871 
0.288919 -0.0373725 -0.0358536 0.290337 -0.0642918 
0.179387 -0.0046635 0.0481994 0.170954 0.239074 
0.19601 0.0396853 0.121302 0.153559 0.0805407 
-0.2031 -0.0208047 0.0472621 -0.0277045 0.0964426 
-0.307806 0.0231319 -0.00149437 -0.316323 0.0305614 
0.233717 0.000679659 0.0279207 0.274509 0.0290395 
0.111422 -0.00205889 -0.090117 -0.148601 -0.175842 
0.468428 -0.0338697 -0.0216801 0.172176 0.0546151 
0.0769156 0.00236986 0.0319816 0.177932 -0.07869 
-0.118184 0.01545 0.0705885 -0.0772808 0.100052 
-0.213113 0.0489792 -0.129101 -0.311027 -0.14108 
0.213204 -0.0270516 -0.0844248 0.155973 -0.176987 
0.204603 0.00620012 0.00199721 0.127647 -0.00538555 
-0.137448 -0.00929612 -0.0251131 -0.122851 -0.107692 
-0.57612 -0.233847 0.127282 -0.203512 0.115392 
0.259582 -0.186859 -0.0957774 0.0115209 -0.129071 
-0.0984261 0.0815269 -0.12897 -0.159693 -0.0264004 
-0.261708 -0.24152 0.243166 -0.314861 0.165609 
-0.214933 -0.00429722 0.025522 -0.164658 0.0525343 
0.0721687 -0.0284109 -0.0522062 0.0159627 0.0156468 
-0.243242 0.0230394 -0.0736027 -0.12011 -0.223492 
-0.161291 0.00684721 0.0074851 -0.0274974 0.0568492 
-0.233061 -0.035779 0.02966 -0.0962073 -0.206405 
-0.0588243 0.096137 -0.0641641 -0.0605153 -0.0803478 
0.113037 0.0880712 0.156798 0.121461 0.132485 
-0.0686152 0.0169408 -0.0989578 -0.0860813 -0.0483499 
-0.171655 -0.0104968 0.0339696 -0.0150114 0.108619 
-0.111287 0.0869717 -0.191004 -0.130171 -0.171495 
0.133455 0.00827561 0.0271391 -0.142647 0.0402857 
0.291388 -0.0773439 -0.0902159 0.165342 -0.025379 
-0.145663 0.0192517 0.00112673 -0.168583 0.0728433 
-0.135001 -0.000622072 -0.0278085 -0.00289587 -0.083945 
0.42504 -0.0423442 -0.0258492 0.33179 0.00448957 
-0.159591 0.0194443 -0.0785446 -0.108169 -0.0573719 
0.168749 -0.0201308 -0.0348586 0.0957966 0.0608673 
-0.154013 0.00842311 -0.0883316 -0.217721 -0.22529 
0.207063 -0.0426625 -0.0331586 0.0804885 -0.0351686 
0.182225 0.0101962 -0.0416824 0.1794 -0.0748695 
-0.139554 0.0181336 -0.104675 0.0427595 -0.280014 
-0.238926 0.0681646 -0.108012 -0.265106 -0.159218 
0.371179 0.0244961 0.0592909 0.12312 0.0443655 
-0.20794 0.01742 0.00599476 -0.183658 0.0933908 
0.14138 0.0121029 -0.0393482 -0.121308 -0.119812 
-0.0287591 -0.000886796 0.0210562 -0.0423758 0.0694927 
0.164207 0.0289497 0.0398825 0.00600846 -0.00493965 
0.356534 0.0951372 0.149375 0.167797 0.257793 
-0.130887 0.0383709 -0.173653 -0.0892918 -0.27607 
-0.000260541 0.0533053 -0.0621907 -0.131052 -0.0482979 
0.148124 0.001937 0.0129541 -0.047244 0.0206193 
0.26469 0.0364632 0.0711496 0.26888 0.0802623 
0.366986 -0.0523684 -0.0379317 0.227979 0.00104713 
-0.088137 0.0111161 -0.0311893 -0.113193 0.0163789 
-0.125788 -0.0192036 0.0128351 0.135802 -0.0779999 
-0.440191 0.0993278 -0.0738352 -0.191359 -0.0541995 
0.439203 0.104473 0.0225832 0.293923 -0.0183537 
-0.0183446 0.0474261 -0.0875963 -0.17888 -0.103211 
-0.148403 -2.34238e-05 0.0098757 0.229142 0.0584787 
0.135094 4.80358e-05 0.00719489 0.0967216 0.106481 
0.0413028 0.00295384 -0.0559667 0.060278 -0.102092 
-0.242606 0.0190884 0.0265855 -0.145037 0.180989 
0.0180421 -0.0568129 0.227341 -0.00268449 0.25574 
-0.282537 0.0101671 -0.0362048 -0.234981 -0.0688079 
-0.155919 -0.0174234 0.0373039 -0.169167 0.00494329 
0.0356729 -0.00243506 -0.0731697 0.00569665 -0.202252 
-0.365698 -0.112781 0.0213363 -0.18723 -0.198607 
-0.168729 0.0376313 -0.0994617 -0.244784 -0.182628 
-0.152917 0.0290318 -0.0521715 -0.145167 -0.105305 
-0.196053 -0.00372612 0.00598116 -0.234865 -0.00732474 
0.0914021 0.0228058 0.0957388 0.0580479 0.0842897 
0.186572 -0.0374365 -0.119747 0.224383 -0.10955 
0.325629 -0.03853 -0.0221758 0.135616 0.0128186 
-0.120254 0.00032999 0.00448755 -0.0815369 0.0217697 
0.110068 0.0268235 -0.0544298 -0.0453203 0.00230592 
-0.101705 0.0377824 -0.12807 -0.216293 -0.198953 
0.23434 0.0107825 0.0550541 0.26443 0.141565 
-0.162516 0.0101038 -0.0396738 -0.268629 -0.0900188 
-0.124623 -0.263641 0.222892 0.0137425 0.175308 
-0.425951 -0.0470922 0.00467761 -0.133634 -0.0181562 
0.158684 -0.0100325 -0.0303984 0.20722 -0.0690287 
-0.365063 0.278854 -0.0960653 -0.233025 -0.0297147 
-0.0397924 -0.0119963 0.0958995 -0.153093 0.244735 
-0.175548 0.0423313 -0.0509435 -0.120607 0.07453 
0.135504 0.0512159 0.207949 0.0729446 0.213439 
-0.0407465 -0.00341531 0.0236533 -0.127656 0.124291 
-0.200649 0.0282207 0.00733816 0.00503949 0.106781 
0.41285 -0.0674765 -0.0188246 0.143286 -0.01415 
0.283088 -0.114995 -0.118108 0.277553 -0.161375 
-0.0147774 0.000395821 -0.00977638 0.0338534 0.0355251 
-0.163441 -0.00300212 -0.0183394 -0.168715 0.0314329 
-0.0797982 -0.00442313 0.0129311 -0.195776 -0.0496691 
-0.132859 0.023207 -0.0421034 -0.23145 -0.0248532 
-0.124575 -0.0264551 0.0611591 -0.0872623 0.0690253 
-0.196514 -0.000389443 -0.0568593 -0.25934 -0.183086 
-0.19369 -0.142912 0.111934 -0.161438 0.0545633 
0.345996 0.0428036 0.0316364 0.215649 0.0218755 
-0.150603 -0.00116431 -0.0300848 0.027706 -0.125487 
-0.495252 -0.333999 0.201324 -0.353534 0.141835 
-0.170962 0.0163402 0.00703662 -0.154912 0.0599186 
-0.155981 0.0293284 -0.0711312 -0.0937209 0.107115 
0.126929 0.0162428 0.0663064 0.172918 0.0575087 
0.131671 0.0210065 0.109477 0.127799 0.10053 
-0.0367938 0.0082889 -0.115135 0.023993 -0.0646025 
-0.192031 0.0120671 -0.021836 -0.140262 -0.0487284 
-0.0228101 -0.000240228 -0.0138262 -0.148867 0.016072 
0.0912352 -0.00733139 0.0197392 -0.00853789 0.0236807 
0.120841 -0.0193152 -0.130627 0.0614059 -0.160421 
-0.111382 -0.00571169 0.000656877 0.00592652 -0.0457162 
-0.168688 0.00618971 0.0169993 -0.0773792 -0.0180649 
-0.183562 -0.00376883 0.0505631 -0.147727 0.0607025 
0.0759688 0.00603104 0.0645958 0.130786 0.214804 
0.160899 -0.0105382 0.0572618 0.018477 0.19107 
-0.0179733 -0.0150217 0.0992771 -0.0644973 0.242475 
0.167166 -0.0134686 0.00488329 0.167104 0.0451218 
0.167844 0.0126319 0.0367244 0.226159 0.0737111 
0.128254 -0.00511462 -0.0485587 0.0952695 -0.158901 
-0.405641 0.0401268 -0.0209337 -0.189784 -0.00154008 
-0.211077 -0.0265802 0.0345708 -0.239689 -0.00233368 
-0.175904 -0.0357113 0.0570654 -0.216243 0.105136 
-0.4113 -0.0860394 0.0554543 -0.235613 0.0418218 
-0.317137 0.0663434 -0.0638492 -0.259931 -0.0412725 
-0.217396 0.00236615 0.0521467 -0.170915 0.110047 
0.255921 0.0138022 0.00913785 0.269328 0.028266 
0.138532 0.0300975 -0.0640184 -0.0529376 -0.137931 
-0.0360293 -0.00468529 0.11495 -0.0261431 0.079066 
0.336156 0.0429864 0.0789265 0.270028 0.105777 
-0.0907054 -0.0413915 0.135741 -0.102928 0.202329 
0.146836 -0.0070455 -0.0556443 0.0228007 -0.195406 
-0.251913 -0.0535442 0.0430471 -0.228454 0.00852464 
0.136668 -0.0189698 -0.0331305 0.122795 0.0288566 
-0.11067 0.0293573 -0.119259 -0.127085 -0.124981 
-0.166365 0.0112668 -0.0307473 -0.346199 -0.119332 
0.12182 -0.0284709 -0.0899666 -0.0191913 -0.135724 
-0.132687 -0.000365027 -0.00554958 -0.253625 -0.245755 
0.253342 -0.0685572 -0.0776032 0.321078 -0.0244526 
-0.230537 -0.000257181 -0.00431932 -0.189503 0.0172498 
-0.0647482 0.0168326 -0.0457964 0.00395794 0.0274886 
-0.122425 0.0119574 -0.0223958 -0.138606 0.0822335 
-0.452216 -0.212623 0.133142 -0.270161 0.0994686 
0.00706055 -0.0042491 0.0967189 0.0407961 0.165638 
-0.191914 0.0371236 0.239638 -0.115387 0.269159 
-0.105647 -0.0149786 0.0993791 -0.0151543 0.211175 
0.220558 0.0409492 0.0785368 0.220115 0.16126 
-0.256084 -0.0144701 0.0798042 -0.0866813 0.111104 
0.115679 -0.0177375 0.0309039 -0.0323291 0.0814112 
-0.102781 0.00104135 -0.0684957 -0.109876 -0.206436 
0.134256 -0.0207048 -0.0852861 0.269645 -0.142314 
0.157794 0.105174 0.107891 0.165814 0.0752879 
0.0166844 0.0661353 -0.0963542 0.0125903 -0.0505203 
-0.139377 0.0078286 -0.0441639 -0.215697 -0.123632 
0.0137599 0.00377566 0.0282312 0.112479 -0.0456169 
-0.0402089 0.0416298 0.0886566 -0.0447336 -0.0570811 
0.399584 -0.0766427 -0.05139 0.32259 -0.0800475 
0.566963 -0.0235788 -0.00615187 0.185843 0.00249489 
-0.0255833 0.000235938 0.00253215 -0.16619 0.0855865 
-0.472482 0.0130489 -0.0239507 -0.253681 -0.0615829 
0.104398 0.00787485 -0.0583868 -0.1643 -0.191881 
0.030267 0.0416411 0.0398793 0.0213081 -0.0277754 
-0.129115 0.0596207 -0.012232 -0.123455 0.0254752 
0.145926 0.0154225 0.00183087 0.00504312 -0.0342781 
-0.0897454 -0.0257563 0.0867851 -0.114787 0.149619 
-0.0669541 0.000696447 -0.00435707 -0.214635 0.0927074 
0.132906 0.0345187 0.0453925 0.053259 -0.0246775 
-0.0907367 -0.0250151 0.0993856 -0.0765721 0.205585 
0.603891 0.0768577 0.025844 0.388593 0.000216928 
0.200788 -0.0121512 -0.0122497 0.143123 0.0182228 
-0.0907192 0.00508438 -0.0469274 -0.0405283 -0.148043 
0.255264 -0.0106899 0.00236452 0.198155 0.0246405 
0.163786 -0.129439 -0.106315 -0.00221127 -0.14948 
0.15315 -0.0405754 -0.075007 0.184751 -0.158382 
0.192669 -0.0122182 0.0118354 0.167457 0.0305857 
-0.0683054 -0.0283689 0.0809561 0.0831857 0.0151529 
-0.106168 0.0129834 -0.0997987 -0.123186 -0.229673 
0.163065 0.0056366 -0.0107344 0.190041 -0.0499236 
-0.0340353 0.00310503 0.0658337 -0.0673376 0.0448679 
0.0398052 -0.00202407 -0.0297375 -0.0872351 -0.127094 
-0.0465475 -0.0203336 0.0754479 -0.1589 -0.00201452 
-0.215456 -0.05889 0.092387 -0.179568 0.0717706 
-0.0756211 -0.00353387 -0.102409 0.0422063 -0.129652 
-0.163133 -0.00641914 -0.0267455 -0.107547 -0.0831525 
-0.496643 -0.0638326 0.00478349 -0.282503 -0.0186576 
0.108685 0.00205816 -0.0146978 -0.0524139 -0.10081 
-0.0833054 -0.0202249 0.0685645 0.0114331 0.0564546 
-0.232251 0.00815124 -0.0288666 -0.156415 -0.0323185 
0.0945559 0.000833891 0.0484854 0.0264953 0.0533711 
-0.0582615 0.0129619 0.0559741 0.0383942 0.104287 
-0.0648397 0.00153694 -0.0919223 -0.0261596 -0.186415 
0.101106 0.00507971 0.0727172 0.131876 0.182815 
0.110672 0.0134124 0.0894861 -0.00373925 0.210848 
-0.288207 0.038386 -0.0729152 -0.125587 -0.129863 
0.122524 0.000893203 -0.0216312 -0.0921992 -0.16703 
0.0360072 0.0939769 -0.11424 0.0188098 -0.0764988 
-0.09715 -0.00325271 -0.080602 0.054255 -0.189118 
-0.228408 -0.00340515 -0.0070318 -0.0993401 0.16411 
0.102274 0.00563624 -0.00808483 0.19618 -0.156732 
-0.142578 -0.00831027 0.023997 -0.188132 0.00208617 
0.201826 0.0437563 0.0644045 0.22659 0.0204177 
0.177038 -0.113391 -0.133508 0.080357 -0.0872488 
-0.127166 0.00841827 -0.0416544 -0.0618475 -0.100951 
0.141856 0.0438023 0.118856 0.151717 0.0731633 
0.0405278 0.0207785 0.0882009 0.157773 0.104345 
-0.0447195 -0.0350057 0.0164795 0.0566124 -0.101586 
0.0745852 -0.00213768 0.0217537 0.0187498 0.0667321 
-0.143997 -0.0273814 0.0942507 -0.0899383 0.182025 
0.151156 0.00581688 0.0426997 0.0944027 0.0200173 
0.056086 0.00607016 -0.0127646 -0.0458885 -0.00401788 
-0.0195819 0.0271785 -0.0144787 -0.0761334 0.0414836 
0.115968 -0.0194514 -0.0833305 0.214547 -0.217339 
-0.1045 0.00107358 0.0244802 -0.112575 0.0698327 
0.0281076 0.0179459 0.109147 0.161035 0.172686 
0.0816786 -0.0219662 -0.106278 0.0269495 -0.139347 
-0.251958 -0.0376875 0.0628735 -0.0616168 0.101642 
0.121797 -0.0171528 -0.012173 -0.0514279 0.179524 
0.287186 0.0607969 0.0608617 0.26138 -0.063021 
0.350781 -0.00599653 0.00696004 0.167036 0.0136591 
-0.424295 0.117821 -0.0753327 -0.284559 -0.0189383 
-0.424383 -0.0466941 0.000814702 -0.207867 0.0891427 
0.232171 -0.121243 -0.168146 0.248968 -0.151555 
0.0146851 0.00150939 0.0608611 0.0592969 0.0979543 
0.126673 0.0472995 0.0828363 0.0977456 0.0681726 
0.127874 0.00266039 -0.0873626 0.185435 -0.134221 
-0.127554 0.00860818 0.019202 0.0417064 0.120779 
-0.111608 0.000912482 -0.0301201 -0.0256229 -0.0843143 
0.121473 -0.0127659 -0.0676464 0.119717 -0.22873 
-0.041393 0.00500333 -0.0747535 -0.115618 -0.177647 
-0.0584462 0.00939642 -0.0947206 -0.161598 -0.248257 
-0.060188 0.011587 -0.0757135 -0.0772225 -0.158134 
-0.0255048 0.0261135 0.0749264 -0.0244622 0.0233379 
-0.0421729 0.00101788 0.0153132 0.129055 0.0102318 
-0.114305 -0.000654274 -0.0451999 -0.00716609 -0.156631 
-0.1204 -0.0259302 0.112166 -0.0222007 0.125368 
-0.00409786 -0.00980225 0.110548 -0.234255 0.0842595 
-0.213953 0.0468924 -0.0411434 -0.133539 -0.0494674 
0.0881898 0.026755 0.0905095 0.149676 0.149509 
-0.582119 -0.110494 0.0464669 -0.336661 0.0491082 
-0.11382 0.0176425 -0.00555288 -0.195529 0.133885 
0.155251 -0.0144059 -0.0508533 0.184835 -0.0269905 
-0.0838679 -0.00849523 0.128728 -0.177059 0.285987 
0.0458885 -0.0441077 0.0701601 0.236201 0.0127296 
0.0822106 0.00920548 -0.0508354 -0.0377741 -0.093047 
0.3034 0.0410553 0.0606357 0.169068 0.0349033 
0.0400913 -0.00306154 -0.0555409 -0.0419348 0.121144 
0.0755822 -0.00918101 0.177165 -0.00761925 0.269201 
0.220189 0.00655607 -0.0026754 0.0678711 -0.00298695 
0.0396933 -0.0150079 -0.161052 0.113276 -0.257103 
-0.145497 0.0252732 -0.0560158 -0.108951 -0.0483735 
0.0195399 -0.0125333 -0.0523113 0.0490733 -0.0706405 
0.113369 0.00992904 0.00415073 -0.109217 -0.0853943 
0.056679 -0.0399284 0.0835213 0.0746449 -0.00114135 
0.0777199 0.119313 -0.1948 0.1086 -0.18386 
-0.125674 -0.0225232 0.052425 -0.124825 0.0318052 
-0.0511868 -0.00427883 0.0901915 0.0120262 0.321699 
0.040165 0.0358867 0.0812794 0.0998077 0.0993025 
0.132339 -0.016277 -0.0665251 0.0990184 -0.145322 
0.101804 0.00941368 0.0664548 0.255589 0.114744 
-0.111927 0.0142154 -0.0350069 -0.0407947 0.015536 
0.141585 -0.0174753 -0.0843177 -0.0218763 -0.0431784 
-0.133565 0.0258906 -0.0600991 -0.130141 0.0413245 
-0.162584 0.0380058 -0.0190332 -0.222453 0.0665328 
0.0600189 -0.00891073 0.0712067 0.149647 0.0992154 
-0.0770722 -4.4811e-05 0.126454 -0.0176589 0.197938 
-0.145264 0.00494193 0.028989 -0.111407 0.00318487 
0.319321 -0.28856 -0.10125 0.0872821 -0.0845556 
0.102436 -0.00661157 -0.0418325 0.0370022 -0.0923831 
0.0301284 -0.0179034 -0.120236 0.144521 -0.163117 
-0.0504037 -0.00635658 -0.0267604 -0.00316664 0.00757941 
0.109632 -0.0153881 -0.0831422 0.205856 -0.174388 
0.193327 -0.0629886 -0.161387 0.333777 -0.18525 
-0.141012 0.0302233 -0.0850934 -0.20778 -0.133138 
-0.0504827 -0.116571 0.108618 -0.0981016 0.066296 
-0.113991 0.0125409 -0.184879 -0.134349 -0.222277 
-0.0971991 0.00070517 -0.00399804 -0.0702017 -0.00739809 
-0.0388568 0.0226501 -0.13594 -0.152475 -0.187128 
0.0780179 -0.000960828 0.0340887 0.0437831 0.156497 
0.345474 0.00442287 0.00485489 0.295563 -0.137865 
0.0794957 0.0128845 0.0325484 0.0327254 -0.06312 
0.00777441 0.0302899 0.125314 0.0235856 0.0874888 
-0.226925 0.0250621 -0.0203557 -0.255629 -0.0212657 
-0.0120413 0.0367111 0.0464591 0.00528268 -0.0314408 
-0.187673 -0.0449041 0.0673925 -0.223303 0.0432916 
-0.0591508 -0.0137388 0.0661803 -0.00612334 0.0138701 
-0.12185 0.0263067 -0.0805348 -0.275819 -0.0924457 
0.258804 0.0982358 -0.186982 0.166223 -0.129474 
-0.281309 0.022332 -0.0231705 -0.198528 -0.00308065 
0.104311 -0.0396137 -0.129533 0.0889 -0.161299 
0.0315186 0.0175966 0.149849 0.0724417 0.158225 
-0.137118 0.0943839 -0.175464 -0.0822993 -0.154322 
-0.0872669 -0.0126883 0.0583705 -0.178001 -0.0708308 
0.125613 -0.0179981 -0.0352146 -0.113038 0.168331 
0.197573 -0.0123178 -0.0605516 0.1253 -0.0776881 
0.156792 -0.0218985 -0.0841681 0.0600353 -0.201572 
-0.0931164 -0.00469983 0.0724154 -0.0684354 0.138417 
0.0467141 -0.000525244 -0.0697358 0.0660311 0.0249454 
0.36627 0.106553 0.0359683 0.143959 -0.0185244 
0.00292034 0.00530118 -0.164861 -0.117252 -0.286936 
0.211169 -0.0169908 -0.021501 0.230851 -0.0332946 
0.0283674 0.114037 -0.0771585 0.0405214 -0.119357 
0.113938 -0.0066095 -0.00872249 -0.0493165 0.0110322 
-0.157427 0.0433745 -0.0781013 -0.178092 -0.0767337 
-0.0853981 -0.0369598 0.143955 -0.128444 0.22492 
-0.0850657 0.0202923 -0.0769735 -0.0870711 -0.121986 
0.0569697 -0.00416244 -0.0113308 0.14021 0.0343136 
0.0998515 -0.0340036 -0.0979756 0.198906 -0.125978 
-0.159325 -0.0161551 0.0572379 0.0969288 0.0540699 
-0.00875173 0.00965987 -0.0529028 -0.0500997 0.0161429 
-0.0362391 0.00250395 0.114038 0.0345838 0.237192 
0.0229979 -0.00112426 -0.00030413 -0.0674316 -0.0100738 
-0.0622088 -0.0100468 0.0841622 -0.115268 0.117184 
0.14081 0.0109921 0.0679976 0.255479 0.158197 
0.00700872 0.00862556 0.0748014 -0.0973346 0.0160326 
-0.150266 -0.00648739 0.028217 -0.0840846 0.0468646 
0.0973662 -0.033107 -0.126235 0.0357162 -0.0769212 
0.147198 0.031577 0.0385734 -0.00897625 0.0762492 
0.0747759 -0.00662413 -0.0505335 0.176969 -0.0762307 
0.0646135 0.00202012 -0.117814 -0.000372956 -0.177569 
-0.108993 -0.0049143 0.045664 -0.191208 0.159399 
-0.0378959 -0.000753197 -0.0275483 -0.051147 0.0415153 
0.0414883 -0.0174014 -0.151692 0.126244 -0.2367 
0.223181 0.0346587 0.0515593 0.289238 0.0458268 
0.0839047 -0.018397 0.00819266 0.09212 0.142596 
0.149446 0.0102297 -0.00246424 0.104096 -0.025863 
-0.0677428 0.00462003 0.0463956 0.00324116 0.125589 
-0.129821 -0.0023242 -0.0226612 -0.158913 -0.105273 
0.317888 -0.234033 -0.0928876 0.162215 -0.0237777 
0.0200961 -0.0171116 -0.135456 0.110758 -0.217662 
-0.0456869 -0.00877887 0.053811 -0.109769 -0.050893 
0.117283 0.0036974 0.0389664 0.0809818 0.0314435 
-0.067525 0.0170444 -0.0848479 -0.158071 -0.0786709 
-0.111661 -0.112501 0.128384 0.0210343 0.156627 
0.190021 -0.0723946 -0.111869 0.180928 -0.0857765 
-0.13465 -0.00444319 -0.00608484 -0.0356369 0.0195388 
0.0873461 -4.88347e-05 -0.000703305 -0.0338998 -0.0484037 
0.0621566 -0.0115019 -0.0197671 0.027021 0.00450379 
-0.0940593 0.221928 -0.113194 -0.0137743 -0.0849652 
0.0315011 0.0540563 0.187255 0.0917409 0.160123 
-0.0399979 -0.00511304 0.135274 0.117264 0.288135 
-0.313853 -0.298712 0.0792274 -0.121959 0.0176098 
0.451001 -0.0463408 -0.0268458 0.293739 -0.0596445 
0.0876945 0.0180156 0.0113593 0.131711 -0.0422036 
0.334736 0.0270906 0.0253989 0.178376 0.0199427 
-0.36313 0.0285968 -0.0479273 -0.35977 -0.0402749 
0.10226 -0.0185262 -0.0792409 -0.00156767 -0.13359 
0.250162 -0.034776 -0.0152429 0.290335 0.0399408 
-0.0206427 0.0120391 -0.0906477 -0.155431 -0.0748892 
0.12739 0.0130472 0.0434243 0.128025 0.0558985 
-0.0868558 0.0269945 -0.11026 -0.140575 -0.206317 
-0.00693395 0.000540607 -0.00923579 0.063526 -0.146559 
0.221019 -0.0308566 -0.0310445 0.13004 0.011913 
-0.152759 -0.0197021 0.0573701 -0.0762273 0.1017 
0.0755605 0.00134415 -0.0148768 -0.00725685 -0.0510551 
0.124731 -0.00234104 -0.0285982 0.169102 -0.133893 
-0.168565 0.0125131 -0.0575259 -0.184107 -0.14431 
-0.165377 -0.00891522 -0.00721212 -0.156431 -0.0141646 
-0.101379 0.0254299 -0.0962607 -0.168207 -0.0340917 
0.0499388 0.0016647 -0.0166814 0.0178715 0.0868214 
-0.398258 -0.0165932 0.100547 -0.249704 0.0939302 
-0.0500155 -0.000917828 0.0180293 -0.193413 -0.0355304 
0.0188271 -0.0235913 -0.116364 0.11988 -0.156277 
0.158045 0.0118886 0.0315198 0.253547 0.0116944 
0.0291452 -0.00247547 -0.0407686 -0.00464373 0.12343 
-0.0742631 0.00192444 0.0143628 -0.103391 0.0221018 
0.237573 -0.0216187 0.0319456 0.330684 0.196285 
0.0529769 -0.00499101 -0.0151489 0.0290334 -0.00754253 
0.191402 -0.0813316 -0.0662401 0.190745 -0.0514609 
0.0816592 -0.0121942 -0.0461495 -0.055839 -0.06178 
-0.206 0.00847577 -0.0374926 -0.0473524 -0.037745 
-0.132252 0.00529385 -0.0015706 -0.0524465 0.058418 
0.0248775 0.0134132 0.111295 0.160361 0.150226 
0.0504787 -0.00601291 -0.0245371 0.212746 0.222241 
-0.0532165 -0.0245011 0.16683 -0.158447 0.171303 
-0.0766312 0.0259165 -0.112123 -0.110637 -0.107844 
-0.0676933 0.00561014 -0.0433435 -0.0212854 -0.0863608 
-0.0739521 0.00465318 -0.0980189 -0.0655147 -0.0568146 
-0.074816 -0.0188952 0.0560962 0.0814089 -0.0687374 
-0.0726433 -0.0224103 0.126469 0.0388905 0.180838 
0.0170291 -0.0206602 -0.0812277 -0.00704108 -0.118671 
0.0553277 0.0188084 0.109856 -0.0404324 0.0762354 
0.0984641 -0.0173414 -0.102534 0.237573 -0.224168 
0.170266 0.0468759 0.0509131 0.205399 0.00517319 
0.0994343 0.039285 0.0995836 0.0813902 0.177472 
-0.0572696 0.000161819 -0.00711648 -0.139347 0.0218105 
-0.130531 0.0140334 -0.00505908 -0.103279 0.0505798 
0.0300724 -0.00112095 0.0669078 0.0531492 0.154485 
-0.141992 0.0548429 -0.143942 -0.245404 -0.209959 
0.0529664 -0.0262831 -0.0801813 0.147883 -0.137336 
0.0269962 -0.0246843 0.0510423 -0.0312044 -0.000726902 
0.0504516 -0.00575437 -0.0267087 0.167658 -0.0152029 
-0.0735336 -0.00248108 0.0242679 -0.0389153 0.0925741 
0.0138511 -0.00389453 -0.12129 -0.168018 -0.0284716 
-0.0497847 0.0142179 -0.0323589 -0.166717 0.0865922 
0.0606296 -0.0232361 -0.0609895 0.214112 -0.0304115 
0.0987073 0.0172998 0.0887251 -0.0177915 0.181022 
0.219398 -0.0348897 -0.0427521 0.259027 -0.0611088 
0.353443 0.0614827 0.0410533 0.14889 -0.0269815 
0.313838 0.0683492 0.0659831 0.251112 0.0262224 
-0.0185163 0.0316642 -0.111726 -0.0947709 -0.0926482 
0.0754602 0.0244546 0.0775923 0.12686 0.0702303 
0.0765729 0.00271484 -0.00856409 0.086188 0.148712 
0.0695354 -0.00392308 -0.0642043 -0.044497 -0.129144 
0.110432 -0.024196 -0.0927948 0.197342 -0.17252 
0.201949 0.041251 0.062773 0.265841 -0.00862736 
0.0575317 0.0230752 0.13635 0.106027 -0.0649118 
-0.0706443 0.00496354 -0.0619984 -0.123347 -0.124289 
-0.204605 -0.0302842 0.029649 -0.257191 -0.0579915 
-0.046211 -0.00999653 0.0202898 -0.158227 -0.0353467 
0.0325879 -0.00999516 -0.0877863 0.158551 -0.187917 
-0.0298899 -0.00116494 0.0313015 0.032129 0.0190748 
-0.0217093 -0.0234452 -0.0762711 0.0285292 -0.0873597 
-0.0570111 0.0034443 -0.0580444 -0.159583 -0.0908366 
0.0196646 -0.00431116 -0.025546 -0.0129048 0.0859696 
0.0393575 0.013436 0.0244836 -0.0492853 0.0539599 
0.0707071 -0.00873848 -0.0188514 -0.0113663 -0.054868 
0.110375 -0.00258843 -0.023579 0.148851 -0.0554281 
0.0801254 0.00352845 -0.0246672 0.0543222 -0.0891952 
-0.00588192 0.0418416 -0.0797033 -0.0140497 -0.0183056 
0.0241961 -0.0327592 0.137158 -0.0284901 0.204416 
0.0427186 0.00181439 0.0350946 0.0722805 0.0310512 
0.0476877 0.0100276 0.0572941 0.0342014 0.0303251 
0.0635353 -0.00487765 0.00275321 0.0501502 0.0457942 
-0.148308 0.0394911 -0.0604049 -0.141463 -0.0282931 
-0.0808679 0.020023 -0.0984374 0.00611086 -0.261072 
-0.0301767 0.000499154 -0.00153569 0.121672 -0.0484055 
0.102921 -0.0206942 -0.105399 0.182689 -0.176783 
-0.355041 0.0282167 -0.0265133 0.175785 -0.0371778 
-0.0157131 -0.0106848 -0.066265 0.0614722 -0.077303 
0.0562744 0.0254722 0.0777424 0.0669293 0.0674776 
-0.0853017 -0.00138685 -0.00621562 -0.0778757 -0.117179 
-0.021003 0.00125359 -0.0178193 0.0161573 0.0404385 
0.00583261 -0.00886734 0.0425516 -0.0449302 0.024854 
-0.0496345 -0.00445513 0.16388 -0.0537104 0.0709334 
-0.0541955 0.0073998 -0.0444197 -0.0833039 -0.0363601 
0.212095 -0.0408479 -0.0793324 0.257658 -0.0247726 
0.0173252 -0.00501315 -0.115276 -0.0663394 -0.174298 
0.0692186 -0.00388583 -0.0645107 -0.14465 -0.181216 
-0.106185 0.0193991 -0.0695661 -0.026583 -0.134787 
0.0484351 0.0483915 0.187554 -0.275154 0.220972 
0.272564 -0.0051147 -0.0467605 0.119683 -0.131521 
0.0328856 -0.00424642 0.0966067 -0.0184743 0.12056 
0.0234579 0.00153818 -0.0481255 -0.0147598 -0.0261882 
0.0254485 -0.00354041 0.015154 0.0135942 0.0841779 
0.0319736 -0.00611283 -0.0436089 -0.0917873 0.139102 
0.0302838 -0.0168471 -0.111521 -0.162893 -0.243508 
-0.13666 -0.00460893 0.031547 -0.134135 0.145428 
-0.0712944 -0.0129211 0.0517602 0.196293 0.0456401 
-0.0529242 0.00372376 -0.020099 -0.121627 -0.258822 
-0.0738315 0.0135335 -0.0310183 -0.214355 0.207536 
-0.0880451 -0.0290079 0.177526 -0.041173 0.136091 
0.0249952 -0.00328247 -0.117634 0.0566786 -0.218774 
-0.0734432 -0.00656429 0.127449 -0.0385114 0.241695 
0.0318554 -0.00813386 -0.00247941 0.065228 0.023454 
0.0712466 0.0176533 -0.0533743 -0.0216462 -0.197968 
0.0658421 -0.000158827 -0.0111179 0.0862938 0.0121319 
-0.141006 -0.0439816 0.074823 -0.211212 0.054286 
0.0850003 -0.0205468 -0.0595022 0.170031 -0.00175157 
-0.0223555 0.00453589 -0.00185005 -0.0164407 0.0854175 
-0.245679 -0.0395049 -0.0168007 -0.143587 0.00540501 
-0.0807221 -0.00351036 0.0172955 -0.20467 -0.111685 
0.173302 -0.0186042 -0.0204533 0.261536 -0.0120974 
-0.0577512 0.00534257 -0.011838 -0.215774 0.0899775 
-0.0957403 -0.00928905 0.0595811 -0.0708687 0.156706 
0.173827 -0.0426354 -0.0557411 0.100471 -0.0571761 
-0.0223198 0.000477028 0.00932777 0.15169 0.0673573 
-0.0566416 -0.0143991 0.106048 -0.0676171 0.151587 
0.0654464 0.00303791 0.00974007 0.0968177 -0.0226496 
0.0902666 -0.0111171 0.0151451 -0.0169448 0.17892 
-0.194652 -0.00788835 0.00661052 -0.158987 0.00535986 
-0.0191661 -3.42223e-05 0.0383447 0.0588755 0.112181 
-0.0442738 0.00198661 0.0516494 -0.0100995 0.158137 
0.0215484 0.000237709 0.0133893 0.0739799 0.0745936 
-0.112656 0.0123148 0.0607119 -0.194471 0.192863 
0.169213 -0.0513744 -0.130733 0.0667579 -0.267097 
-0.0754763 0.0153643 -0.0912431 -0.16663 -0.197362 
-0.18261 -0.00165217 -0.0081808 -0.126659 -0.0237051 
0.045419 0.00889311 0.0497404 0.0828811 0.0601989 
0.131957 -0.000829223 -0.00348793 0.0127632 0.0100212 
0.0271722 0.00404421 0.0597422 0.134452 0.216637 
-0.0550226 -8.74335e-05 -0.046565 -0.00780208 -0.171091 
0.0348567 0.0402472 -0.0651281 0.00103698 -0.0765976 
-0.012751 -0.00158269 0.0684968 -0.0513216 0.0579325 
-0.0189776 -0.00880057 -0.107789 0.0162804 -0.171028 
-0.141217 -0.0333396 0.110368 -0.244873 0.15347 
-0.0290127 -0.00389442 0.00651521 0.0724026 -0.130704 
-0.0324272 -0.0040478 0.0855006 -0.0147517 0.188903 
0.0662165 0.0171023 -0.11961 -0.0973782 -0.221222 
-0.0725609 -0.0133544 0.12675 -0.0968575 0.207347 
0.269333 -0.00333441 0.014448 0.154468 0.213861 
-0.123837 0.00905813 -0.0267932 -0.070365 -0.0169841 
-0.11337 -0.00774287 0.00434295 -0.168459 -0.00672301 
0.0140555 0.00997107 0.0306133 -0.0196103 0.00786923 
0.0834888 0.0136601 0.0175067 0.14825 -0.0853038 
-0.00409258 0.0321773 -0.141306 -0.270159 -0.248673 
0.0673784 -0.0106769 -0.0722316 0.0838939 -0.121893 
-0.179607 0.00316806 0.00623047 -0.299398 0.0572057 
0.119569 -0.00281117 -0.0361575 0.0559706 -0.0583687 
-0.0854902 -0.00167801 0.0229012 -0.17102 0.0859346 
0.117 -0.0421389 -0.0705914 0.105545 -0.110889 
0.069977 -0.00912988 -0.0158631 0.0777868 0.0114586 
-0.0509857 -0.0116047 0.094753 0.0734662 0.124066 
0.031417 -0.00379935 -0.111941 -0.00893873 -0.189005 
-0.0166206 0.00101627 -0.0536853 0.168438 -0.0140991 
0.0678421 -0.00147679 -0.0453808 -0.00806061 -0.0791647 
-0.00737731 0.000530942 -0.0249883 -0.137548 -0.0285082 
0.226906 0.00614603 0.0385054 0.135188 0.0340076 
0.103729 -0.00608119 -0.018566 0.137539 -0.0299818 
-0.147991 0.0234411 -0.0367319 -0.163759 -0.0238719 
-0.0276426 0.0101099 -0.111438 0.0316801 0.0691678 
0.113978 0.00416319 -0.07776 0.160089 -0.0920605 
0.0840167 0.00605579 -0.0177315 0.216809 -0.184471 
-0.00445357 0.0126564 -0.0885041 -0.115979 -0.135729 
0.050451 0.00212534 0.0327271 -0.0880919 0.204614 
-0.0830425 0.0102157 -0.034324 -0.0995906 -0.00113953 
-0.0731781 0.0228591 -0.0777873 -0.138034 -0.114584 
0.0765963 -0.00556653 -0.0837309 0.0696726 -0.0796348 
0.137698 0.0105488 -0.00474157 0.245705 -0.0877196 
0.0739529 0.0393676 0.100108 0.118544 0.0961518 
-0.229586 0.0380081 -0.0924537 -0.160131 -0.089963 
-0.0681441 0.0186683 -0.141342 -0.143001 -0.238105 
0.00856148 -0.000857291 -0.0301338 0.169392 -0.111443 
-0.0027395 -0.00254238 -0.00323418 0.0504232 -0.058364 
-0.100463 -0.0043439 0.0182146 0.0535281 -0.0268916 
0.0163189 0.00439153 0.0514649 0.0324007 0.104221 
-0.0107875 -0.0116021 0.0150594 -0.0483296 -0.0254386 
-0.101183 -0.0343249 0.121265 -0.157956 0.0395225 
-0.223231 -0.0104375 -0.0084079 -0.26229 -0.0887531 
0.034169 -0.0056174 -0.0817108 0.118428 -0.113818 
0.05552 0.0101147 0.056775 0.0546246 0.0732869 
0.113698 -0.0240392 -0.0300882 0.184262 0.00260373 
-0.0374671 0.00725955 -0.0153543 0.0248735 0.0271166 
-0.0283017 0.00261226 -0.0573432 -0.0750059 -0.191077 
-0.0460231 0.00512379 -0.0352536 -0.0816348 -0.0400761 
0.20705 -0.0442626 0.106736 0.143764 0.142826 
0.0179771 -0.0081114 -0.153834 -0.00867942 -0.143799 
0.031364 0.00221348 0.0117018 -0.00689568 -0.00956477 
0.0398102 -0.00500185 -0.0447157 -0.089278 0.152362 
-0.0243236 0.0119282 0.084754 0.000533551 0.0688574 
0.0697618 0.00431852 0.00949664 0.088883 -0.0293506 
0.108159 -0.00360957 -0.0190194 0.0498716 -0.041523 
0.0643243 -0.0041798 -0.05308 0.152092 -0.168091 
0.0409447 0.000637089 -0.0269403 -0.0384233 -0.12301 
0.102324 0.0341442 0.166496 0.0112494 0.251906 
-0.00933914 -0.00416568 0.0156571 -0.0351349 0.0193287 
0.0576172 -0.00784791 -0.0503 0.208427 -0.014425 
0.142767 -0.00841937 -0.0165556 0.052603 -0.0369971 
0.0696976 -0.0160254 -0.0572602 0.12146 -0.0466581 
0.116418 -0.0163009 -0.0346068 0.0447098 0.0480748 
-0.0351097 0.00605951 -0.0285693 -0.0726733 -0.064342 
-0.0480366 -0.00721161 0.0931619 -0.143171 0.165069 
-0.0171275 0.00173191 0.034389 0.0250774 0.020926 
0.0193007 0.000387978 0.027081 0.0534112 0.123114 
-0.0442653 0.0106743 -0.0752127 0.0888587 -0.0255218 
0.0440353 -0.00617771 -0.0498058 0.148387 0.0333593 
-0.0145758 -0.00936745 0.0359946 -0.0918751 0.0846044 
0.00695962 -0.00359286 0.117997 -0.0131525 0.187323 
-0.0540255 -0.0102186 0.118902 0.00424185 0.122564 
0.00259123 -0.000405813 0.118115 -0.011026 0.102802 
-0.102836 -0.00173009 -0.0254271 -0.0475041 -0.0300565 
-0.0188776 0.00143231 0.0229667 -0.0370137 0.146979 
-0.0638487 0.0233891 -0.139977 -0.248127 -0.106228 
-0.00553467 0.00424521 0.0680944 0.0659932 0.0749305 
-0.0181871 0.0026632 0.0608405 0.0426728 0.159331 
-0.0480964 0.000422294 -0.0133468 -0.136946 -0.105918 
0.00605179 0.000290765 0.0359106 -0.0197656 0.123462 
-0.195689 -0.0623408 0.0517417 -0.196354 0.0301693 
-0.068164 0.000587714 2.15453e-05 -0.0703751 -0.000505063 
-0.176512 0.0148882 -0.04937 -0.0815328 -0.0543873 
-0.0662671 0.00237643 -0.044369 -0.0743072 -0.141311 
0.122515 -0.03351 -0.122622 0.0317346 -0.160131 
0.0383957 0.00763554 0.0261537 0.063303 0.0188681 
-0.0281556 -0.0490535 0.0738964 -0.113793 -0.0239207 
-0.0816777 -0.00301319 -0.00127587 0.0587656 0.0320263 
0.0238643 0.00517748 0.0159722 0.139836 0.00153998 
0.0321362 0.00155198 0.0862825 0.0629067 0.257173 
0.0130262 -0.00844676 -0.081916 0.0798941 -0.169556 
-0.0282925 -0.00154465 -0.072233 0.113607 -0.12624 
-0.0104583 -0.000303157 0.0699861 0.17325 0.241032 
0.188577 -0.0179752 -0.00761034 0.181039 0.0687389 
0.118916 0.0294276 0.114738 0.0810015 0.186886 
0.0691657 0.015877 0.0145653 0.0578368 -0.195687 
-0.00789416 0.00919741 -0.064587 -0.019803 -0.0286128 
-0.19552 0.0124411 0.00564224 -0.309923 -0.0933051 
0.231772 0.00628958 -0.00406159 0.210831 -0.0158726 
0.0382763 0.00559083 0.068637 -0.115662 -0.0786425 
-0.046766 -0.0123834 0.0597471 -0.167433 0.0281783 
-0.198628 -0.105521 0.08306 -0.191064 0.0818337 
-0.0456532 -0.00622557 0.0425838 -0.0851313 0.0813739 
-0.0462353 0.00253932 -0.0446604 0.0934281 -0.00881604 
0.0721555 0.0233199 0.0511375 0.105776 -0.0175141 
0.122992 -0.026447 -0.0918473 0.0106261 -0.0844652 
-0.241689 -0.0539384 0.0420377 -0.178575 0.00450238 
0.0369071 0.00073589 -0.0772216 0.0234414 -0.156523 
-0.106643 0.000300251 -0.0154957 -0.146997 -0.163079 
-0.0514021 -0.00667104 0.00221487 0.0883819 -0.117366 
-0.224345 -0.0951911 0.186053 -0.206042 0.163284 
0.0492478 0.002033 0.00574894 0.114703 -0.023135 
-0.0709318 -0.00269483 0.0323338 0.158644 0.200501 
-0.0910855 -0.0193738 0.150696 -0.141894 0.256604 
0.0500666 -0.00488329 -0.0491647 0.114993 -0.133918 
0.00313011 8.93463e-08 0.0070129 0.0296796 0.10827 
-0.214724 0.00516336 -0.00519472 -0.186011 -0.010418 
0.0220163 -0.00197497 -0.0445005 0.118886 -0.0269274 
0.0251758 0.00702266 0.0320836 0.0461241 -0.0280244 
0.171458 0.026304 0.0212451 0.196457 -0.129211 
0.0185061 0.00243113 0.0872316 0.000480576 -0.0609879 
-0.0483788 -0.0297548 0.183718 -0.0300029 0.261458 
0.0497277 -0.00512442 -0.0374971 0.181015 -0.0509928 
0.0475849 0.00093899 0.0349243 0.193376 0.237411 
0.0396248 0.00691685 0.0651684 0.10903 0.131821 
-0.151862 -0.00439044 0.0052521 -0.165838 0.00458847 
0.120283 -0.00428621 -0.0198464 0.131734 -0.0126998 
-0.16172 0.0202804 -0.071262 -0.275402 -0.187755 
-0.1237 0.00100734 -0.0508801 -0.00928259 -0.049281 
-0.0246669 -0.00300802 0.0317581 -0.0383099 0.028021 
-0.0581629 -0.00223805 -0.000465807 0.116032 0.110982 
0.0360441 0.000723211 0.0199413 0.204936 0.0462725 
0.103068 0.00521405 0.0119986 0.120657 -0.0573365 
0.0136346 0.00863173 -0.12461 -0.135951 -0.24538 
0.0338222 -0.000847726 -0.0251055 0.00971285 -0.0125208 
0.0434154 0.0112911 0.14625 0.0241736 0.186061 
-0.0172215 0.00187761 -0.0481919 -0.24847 -0.131278 
-0.195784 0.018864 -0.00818913 -0.148826 -0.101474 
0.0191511 -0.0014953 -0.0209655 0.0421223 -0.0479395 
0.0067213 -0.0045951 0.0234077 -0.085797 0.135846 
0.0239128 -0.00170366 0.049496 -0.0786109 0.153157 
-0.0169028 -0.00263892 -0.0572365 0.167897 0.00111751 
-0.028123 0.00125766 0.0491984 0.0198642 0.00340964 
0.166527 0.0195307 0.000516268 0.237522 -0.0830579 
-0.0055257 -0.0115558 0.0475513 -0.0671788 0.0129658 
0.021801 0.000401406 -0.00531966 0.0321935 -0.0109472 
-0.18691 0.011575 -0.105622 -0.202438 -0.106749 
0.0143074 -0.00190105 -0.0124098 0.0285728 0.0820567 
0.00735657 -0.000227165 0.0475385 0.0206351 0.119463 
-0.00159634 -0.0117134 -0.0117309 -0.117567 0.0501271 
-0.0477166 -0.00486173 0.0766353 -0.0771294 0.105204 
0.140842 0.0170089 0.0125947 0.211944 0.0244262 
0.135627 -0.0119459 -0.131395 0.303952 -0.317282 
-0.0808171 -0.00926879 0.0355845 -0.140663 0.0166291 
0.0102438 0.0108679 0.0232732 0.027185 -0.0647614 
-0.0174675 0.00180772 -0.0398243 0.117583 -0.0835084 
-0.0351792 -0.00196815 0.0342727 -0.0353702 0.0517887 
0.0188011 -0.0186451 -0.0833195 0.185945 -0.176696 
-0.0861801 0.00620201 -0.0154712 -0.0978911 0.0913366 
-0.0869502 -0.00756557 0.0270137 -0.183375 0.00404996 
0.107683 0.0306935 0.0909064 0.224487 0.0952682 
-0.006025 -0.00100574 0.055211 -0.0984837 0.180231 
0.0251745 0.0235442 0.041457 0.0588647 0.0575661 
0.00641359 0.00454156 -0.09881 -0.0430195 -0.147938 
0.0553166 0.0146685 0.0999416 0.081156 0.128863 
0.0346875 -0.00449022 -0.0837172 0.0730373 -0.0798641 
-0.0473809 -0.00304489 -0.0244985 -0.0458449 -0.0867842 
0.0178501 0.00116985 0.0368265 -0.0896613 0.042479 
0.0276712 -0.0035909 -0.0457862 0.14036 0.0913604 
-0.130297 -0.0238467 0.0262464 -0.170101 -0.010747 
-0.00142582 -0.00112078 -0.0156611 0.0627449 -0.111632 
-0.124446 -0.00262521 -0.0113865 -0.135135 -0.0317906 
0.0634802 0.00800358 0.108422 0.00451586 0.161585 
-0.0398261 -0.0012417 0.0478736 -0.213098 0.191183 
-0.027982 -0.00169617 0.100744 0.0268265 0.329341 
0.00468192 0.00283209 0.0856908 0.116685 0.171815 
-0.0468282 0.0191159 -0.0761784 -0.200402 -0.0721616 
0.0264108 0.000193212 -0.0282514 0.0324868 -0.182963 
-0.139073 -0.0158553 0.027696 -0.0492612 0.0134211 
-0.130775 -0.00674933 -0.0204219 -0.207474 -0.0467284 
0.0595789 -0.00582505 -0.00728058 -0.102913 0.14028 
-0.00784675 0.00326258 -0.0507981 -0.0819578 0.0709501 
0.0706897 -0.00636046 -0.0275322 0.155523 -0.0141101 
-0.00327815 0.0234245 0.132424 0.00500527 0.158568 
-0.0147722 -0.000635044 0.0992899 0.0990675 0.2106 
-0.0479854 -0.0111184 0.0399206 -0.12998 0.0162545 
-0.0563801 0.00578792 -0.0410063 -0.0364895 -0.0413608 
0.0201579 0.000428198 -0.0152875 0.101728 -0.0464712 
0.0069833 0.0135866 0.148523 0.116318 0.228161 
-0.025462 -0.000337577 0.00748118 0.00249162 -0.00695902 
-0.00834202 0.00578043 0.0340557 0.010778 -0.0149495 
-0.0941071 -0.0676875 -0.112429 -0.132079 -0.232851 
-0.0105691 -7.54529e-05 0.0786578 0.0177995 0.202741 
0.00975656 -8.68453e-05 -0.0249515 0.00791136 -0.0660105 
-0.0257254 -0.000745541 -0.00792549 -0.154015 -0.140007 
-0.146303 -0.0425434 0.064876 -0.130657 0.0860357 
0.0760437 -0.0122918 -0.0022819 0.138792 0.105581 
0.219349 -0.010213 -0.0419893 0.21975 -0.0679925 
-0.596302 -0.326506 0.130645 -0.329795 0.00607358 
0.0999903 0.000427203 -0.0106124 0.150058 0.112488 
0.162521 0.0663172 0.166501 0.299754 0.220469 
0.0213902 -0.000276541 0.00655974 -0.00722206 -0.00570885 
0.0239171 0.0033385 -0.114572 -0.0238358 -0.214247 
-0.0516105 -0.0172728 0.0600834 -0.0808941 -0.0177833 
-0.00530359 -0.000783541 -0.0266692 0.0459634 -0.0683921 
-0.0171145 -0.00304453 -0.0248704 -0.0837151 -0.0894393 
0.0334539 -0.00893976 0.0395648 0.0630179 0.136003 
0.0310994 -0.000860009 -0.049052 -0.0119121 -0.155671 
0.00488057 0.00505151 0.0523496 -0.0147787 0.0799485 
0.138402 0.0172772 0.0413229 0.244479 0.0355627 
0.0099279 0.00635289 -0.0235483 0.0208018 0.0582449 
-0.062852 -0.0134034 0.0972425 -0.0561793 0.0579434 
0.11107 -0.0245606 -0.0841229 0.125623 -0.0918752 
0.0672268 -0.0233773 -0.0306167 0.0720058 -0.0190524 
0.00728815 0.00259238 0.0310566 0.0962508 0.0188689 
-0.00698755 -0.00052295 -0.019449 0.0646091 -0.215772 
-0.182557 -0.0281486 0.0194667 -0.210334 -0.0309571 
-0.13116 0.0272731 -0.0482102 -0.229718 0.0235283 
-0.0814592 0.00687511 0.000471639 0.0550884 0.0550621 
0.0160618 5.18103e-05 -0.00441626 -0.0241315 -0.0694897 
0.0325756 -0.00489152 -0.125494 0.0780831 -0.140231 
0.0570843 0.00319909 -0.00503945 0.0445785 -0.0176188 
0.0466207 -0.0156014 -0.0730987 0.0902687 -0.155993 
0.0427608 0.00236659 0.0576648 0.0211967 0.0680767 
0.0888558 0.0155266 0.0115236 -0.0270652 -0.150607 
0.012478 -0.00541559 -0.0134871 0.028863 0.00761044 
0.0284724 0.00469083 0.046622 -0.0106497 0.072177 
-0.0220149 0.000137793 -0.0241122 0.0328276 -0.112063 
0.047084 -0.00299205 0.027761 -0.0207942 0.150324 
0.168436 0.00892958 0.0159407 0.118925 -0.00821291 
-0.0259007 -0.00600339 0.0808354 -0.109338 0.0845356 
0.00458876 0.000108567 0.000381245 0.0205925 -0.0898796 
-0.0211352 0.0048893 0.0277149 -0.00447521 0.0371655 
0.0260264 0.00117846 0.0277518 0.0301004 0.0431196 
-0.0457384 -0.00585132 0.02689 -0.0940259 0.0289354 
-0.0259072 0.00158223 0.0112282 -0.0178436 0.00830078 
-0.0135836 -0.000333826 -0.0653321 0.135262 -0.236222 
-0.20323 -0.0211164 0.0178931 -0.166735 0.00556807 
0.0234848 0.000411854 0.0537113 -0.0493336 0.0380974 
0.0110449 0.000735053 -0.0424281 0.00723731 -0.0690611 
0.026179 0.00347101 0.143613 0.00593341 0.2256 
0.00736739 -0.000722567 -2.85295e-06 -0.0131705 -0.0206677 
-0.0104787 -0.00545828 0.0143884 -0.0503828 0.000803098 
0.0276204 -0.00109357 0.0505252 -0.0111338 0.0901684 
-0.00771703 0.00105295 -0.0593998 -0.0685416 -0.0235939 
0.00999285 -0.00380388 -0.0310862 0.0181503 -0.0659941 
0.0828381 0.00490492 0.00307105 0.111135 0.0103625 
0.12674 0.00482277 -0.0183652 0.161071 -0.0522136 
-0.0686686 -0.00765495 -0.000760814 -0.0384691 -0.0268398 
0.0154226 0.00150516 0.0916045 -0.0114972 0.25586 
0.0238772 0.000261889 -0.0601652 -0.0436287 -0.111353 
0.0950178 0.00215802 0.00937835 -0.000463884 -0.0789067 
-0.0193997 -0.00388057 -0.0246394 0.100657 -0.0745062 
-0.101455 0.015186 -0.139241 -0.064883 -0.26402 
-0.0344429 -0.00107926 -0.0092 -0.0554889 -0.0364837 
0.00191946 0.00136369 0.0519065 -0.00131376 0.161759 
-0.000307539 -0.00181286 -0.0592913 0.0744302 -0.149978 
-0.0542289 0.000390352 -0.00592855 -0.129657 -0.182755 
-0.175848 -0.0141424 0.00329629 -0.197395 -0.0358864 
0.0682366 -0.00700762 -0.0132114 0.11555 0.015716 
-0.0018988 1.27363e-05 0.0392888 0.0779653 0.141637 
0.0362656 -0.0106327 -0.0320586 0.0323184 0.0262935 
0.103825 -0.0242507 -0.130337 0.186309 -0.254336 
-0.0334252 0.000783575 -0.0127537 -0.120962 -0.0604346 
-0.001086 -1.02457e-05 -0.0401591 0.0769299 -0.175617 
0.00422525 0.00125348 0.0617348 0.0160231 0.16746 
0.0326548 0.000986968 0.0483464 0.0879335 0.236732 
-0.006861 0.00126789 -0.0356861 -0.136367 0.0338201 
0.00126282 0.000218414 -0.000892297 0.038918 -0.0120013 
0.0223242 -0.00603227 -0.200857 0.162772 -0.286463 
0.00668557 0.000354002 -0.000946483 0.0289554 -0.0224757 
