0.882687,0.00354744,4.20759,0.159398,-1.97535,0.520646,-2.38255,2.86604,0.0964385,
-2.83135,-0.00297218,3.53252,2.24613,2.54888,0.0412,1.21943,-0.585136,0.391552,
-2.85955,-0.00738251,3.14829,-0.8034,0.227707,0.887173,0.831416,1.12569,0.51088,
1.61403,0.101917,0.145573,2.81286,-1.57171,0.00274667,-0.638783,0.0275166,1.2772,
-0.632923,0.0250238,0.310373,1.57027,-0.00719075,4.05957,-2.32926,2.29059,0.398877,
-1.57027,1.21102,0.266121,-0.46263,-2.69557,0.237129,1.50764,-0.120325,0.471816,
-2.92712,0.000479384,3.22001,-2.5739,-0.224639,0.0976592,1.55837,-2.11092,0.467238,
2.99542,-1.81888,0.061037,-2.5067,1.32396,0.179754,1.37141,0.42924,0.285958,
-0.490829,0.19415,0.721763,-2.85278,-1.28254,0.256661,2.50304,-0.860685,0.762047,
1.25422,-0.00239692,2.8309,-2.28678,0.611406,0.713218,1.92807,2.23268,0.00366222,
-2.30308,0.00278043,2.99326,2.7431,0.573439,0.532548,0.0802942,-1.39721,0.0177007,
-1.60414,-2.42348,0.0451674,2.35142,0.407764,0.127873,-0.888913,0.224447,1.32572,
2.37999,-0.00661549,2.24921,-2.434,2.55061,0.257271,-2.63506,-2.52779,0.834071,
-0.71276,1.5184,0.0140385,-0.180822,-3.08924,0.00305185,-0.68804,-2.52472,0.0384533,
-0.20188,0.0175454,1.56713,-1.66201,-0.0863849,1.71117,0.661672,0.370947,1.71392,
2.90844,0.177276,0.215155,1.54518,0.876409,0.104984,-0.0797449,2.32434,0.460829,
1.81106,-0.00278043,3.67595,-0.875546,1.25915,0.112918,1.36683,-2.92491,0.343333,
-2.86724,0.348512,0.486465,1.60524,-2.62999,0.30427,-2.37248,2.12856,1.05625,
-2.81835,2.81676,0.332347,-2.52373,-2.61254,0.00885037,2.24979,0.803735,0.0100711,
2.63396,-0.495395,0.316172,1.75393,2.79241,0.542619,2.5208,0.341417,0.0289926,
-2.72423,-0.0323105,1.81433,-2.614,2.89231,0.207221,2.68523,-1.35714,1.01199,
-2.72607,-0.00795777,1.61901,-2.13681,1.05416,0.340281,0.47911,-2.30593,0.281075,
2.78576,0.402395,0.704978,2.4058,-2.77189,0.413221,-2.91705,2.95713,0.745872,
2.01157,-0.0181207,1.86468,0.886349,0.0842756,1.55889,-2.72149,1.95406,0.383923,
0.749382,-0.00239692,0.300913,-1.996,-0.0560879,0.49501,-2.53325,0.0290506,3.21329,
-1.82223,-0.217353,0.798669,-1.71181,0.909007,0.443434,1.18757,2.60909,0.216071,
2.55431,-1.42636,0.515152,2.82641,1.87449,0.0573748,-0.147862,1.96077,0.0238044,
0.669729,-0.293095,0.361339,-1.67409,0.594723,0.0503555,1.39302,0.11975,2.23701,
1.17365,-1.63499,0.175787,2.317,2.3579,0.216681,-2.71654,0.989735,0.210273,
-2.90515,-0.198177,0.668661,-2.26316,1.51284,0.115665,2.27635,0.457044,0.900906,
-2.66472,0.16673,1.03854,-2.16117,-3.01139,0.342112,0.944029,-0.62713,0.260323,
0.265419,-0.176126,1.04831,2.51091,2.8879,0.342723,1.70357,-0.562892,0.154729,
2.64293,0.0117928,1.93243,0.701407,-0.130488,1.13163,-1.88028,0.790695,0.730308,
2.53471,3.07525,0.191351,0.0423902,-3.11091,0.480667,0.266152,2.95655,0.694601,
-2.67205,-2.34025,0.130619,-1.42689,0.898461,0.804163,0.813654,-2.84687,0.448622,
-2.64586,-0.0307764,1.72735,1.70101,1.36327,0.290536,-2.84362,2.65339,0.109256,
-0.099704,2.20123,0.0451674,-1.50581,-0.140268,1.54851,1.71255,-2.18033,0.358592,
2.61821,-0.361743,0.648213,-0.0596026,1.2185,0.729392,-1.9418,-3.09519,0.0207526,
1.4203,0.00661549,2.60567,0.209021,-0.487917,0.230415,1.49409,0.208915,1.55126,
2.86798,-0.0255991,1.58605,0.46263,-0.416584,0.33021,1.26905,1.85435,0.42085,
-0.629261,-0.132022,0.600299,-2.0502,2.01849,0.135807,-1.61806,1.17113,0.361034,
2.57756,0.0547456,1.17985,2.42302,-1.60891,0.151067,-1.95462,-1.64975,0.504776,
-1.98996,-0.0257908,1.34526,-2.07035,-0.730868,0.302133,2.90753,-1.48599,0.295114,
-2.50157,-0.25973,0.845058,-0.530381,2.69749,0.409253,1.36097,-2.7554,0.169378,
0.111789,0.129146,0.654317,0.920042,-2.52376,0.0793481,-0.39964,0.187055,1.16092,
2.32047,0.299615,0.108951,2.83264,-0.193192,0.362865,-2.6563,0.841894,0.665609,
-2.71984,-0.0125599,0.632954,-2.86029,-0.410065,0.484024,2.98151,-1.3673,0.34608,
-0.705618,0.0771808,0.158391,-2.99414,0.202204,0.563372,2.38585,-1.06107,0.625019,
-1.62758,-0.0603065,1.33091,-1.8887,1.87544,0.185858,0.435713,0.535088,0.701621,
1.50856,0.15369,1.12888,2.01267,-2.68349,0.392468,2.53032,2.99222,0.680258,
-1.87826,0.0204217,2.23182,-2.06394,-1.36941,0.225227,-1.38441,-2.17842,0.419324,
-2.84106,-0.00258867,1.65319,0.647206,-0.776506,0.358592,2.41185,-2.82136,0.19776,
1.05646,1.37861,0.12421,-2.93829,-0.328378,1.56316,0.156468,1.60776,0.724204,
-2.65538,-1.96135,0.193793,-2.9859,1.14851,0.675985,-1.84256,1.90651,0.355235,
-2.56108,-0.655509,0.40376,1.67226,0.115723,0.187078,-2.34611,-1.15464,0.0589007,
-0.968383,-0.387438,0.51973,2.12949,2.30957,0.0601215,-1.5688,0.412174,1.0596,
-1.60286,0.0298177,1.7954,1.61586,-0.621761,0.717185,0.329691,0.256662,0.121769,
-2.34446,-0.699996,0.174566,-1.79714,0.199136,1.29307,-0.79809,0.940647,0.520951,
1.65743,0.00028763,2.85104,-1.35237,-2.33163,0.268563,0.977172,-2.337,0.244148,
-2.86303,0.22694,0.021363,1.13593,0.395108,0.644246,2.46733,1.0162,0.0216681,
1.77828,-0.193,0.924711,1.7673,3.02117,0.227668,-2.03793,-1.5115,0.200507,
-1.91708,-0.11534,0.848109,-2.04471,0.457236,0.56032,-2.80956,0.229817,1.00681,
2.78265,-0.346978,0.617084,1.2837,1.24994,0.669881,-2.7008,-2.06528,1.02145,
1.43898,-0.222338,0.672018,1.05609,2.24361,0.194708,1.38881,0.313996,0.744346,
2.96265,0.227132,0.737632,-1.0246,-0.820034,0.939665,-2.46385,3.03364,0.04944,
-2.22819,-1.12224,0.154118,-2.93701,0.700188,0.96469,-2.16666,2.74313,0.162969,
-2.88098,0.222913,0.174261,-2.10807,0.20719,0.183111,-1.61422,-1.02751,0.409558,
-0.477096,-0.000671137,2.84433,2.33641,0.743908,0.416883,1.29414,-2.90823,0.16419,
-2.74932,0.804118,0.420545,-0.971313,-2.09539,0.369274,-0.944395,-1.73834,0.42848,
0.82757,-0.0583889,1.07395,2.16282,2.55502,0.0796533,-2.89764,-0.300765,0.543535,
-1.51167,0.231351,0.863979,-1.01929,-3.1345,0.428785,-0.18247,2.41715,0.00518815,
-2.35618,-0.0547456,1.36631,-0.551988,1.09482,0.267037,2.03592,-1.12952,0.348827,
2.82989,0.577274,0.425123,-1.78176,-0.982641,0.76632,2.10276,1.88043,0.751976,
-2.78594,-0.177851,1.00558,1.17512,-2.59644,0.160527,0.14951,1.87928,0.0161748,
1.31025,0.0121763,1.44719,0.298196,2.46854,0.14832,-1.69552,-1.03461,0.110477,
-2.65758,2.42137,0.044557,-1.11945,-0.290411,1.33366,-0.684927,-0.158868,0.0851466,
-2.43016,-0.123202,0.669271,0.974975,0.375549,0.676901,1.14161,0.921279,0.158086,
2.4959,0.00469796,2.27363,-2.9848,-2.40027,0.30427,-1.36775,2.16269,0.350963,
-2.15915,-0.114956,1.02481,0.530381,1.45666,0.601825,0.678152,-0.63595,0.342418,
-2.12217,-0.209491,1.07425,-1.29963,-1.57573,0.0482192,2.25529,-2.77975,0.0256355,
-1.14765,-0.183987,0.933561,-0.511704,2.12089,0.445875,0.528367,-1.94869,0.0961333,
2.41624,0.0156279,0.912809,0.23191,2.63939,0.110782,-1.10974,-1.10747,0.803247,
2.43529,0.0119846,1.50761,-0.397626,1.72588,0.471206,-1.50215,-0.847263,0.011597,
0.147679,-0.852823,0.585955,1.63619,-0.452251,0.0238044,-0.846614,-0.323392,0.0830103,
1.0614,0.537197,0.405591,2.10623,-1.64783,0.875576,0.690603,3.02155,0.00671407,
0.46025,0.541991,0.598163,-0.825373,-2.54716,0.476699,-2.81927,-1.97036,0.21363,
-1.52101,-0.14602,0.873745,-0.0856044,1.23844,0.520951,2.3657,0.143144,0.430006,
2.14853,0.504599,0.595416,-0.434248,-2.04227,0.712607,-0.667165,0.960205,0.0332652,
2.38969,0.0706611,0.867336,2.77239,-0.0309682,0.261849,1.32948,-1.68599,0.254524,
1.25056,0.0858097,1.12094,1.77151,-1.58647,0.744652,-0.148045,2.06375,0,
-2.4622,0.420611,0.693991,-0.312479,-2.59088,0.433668,-0.304971,-1.76499,0.289621,
-0.275491,0.921088,0.282907,1.96323,0.836141,0.037843,2.03153,-2.78071,0.392163,
2.66362,-0.0135186,0.932646,-2.80242,-2.86854,0.013123,-1.64864,0.398176,1.12674,
1.91415,-3.14102,0.111698,-2.49718,1.51456,0.653401,2.64257,-2.74083,0.705283,
-2.0361,-0.1023,1.12186,-0.646107,1.12856,0.612812,1.83743,0.250334,0.190741,
2.47136,-1.45033,0.472121,2.92163,-0.784559,0.021363,-2.9685,-2.72932,0.0897244,
1.72958,0.100575,0.259407,-0.890378,0.0183125,0.796533,0.0645466,-0.168839,0.999481,
2.97089,-2.04035,0.161443,-2.67626,0.913418,0.980865,0.211951,2.57093,0.157781,
1.45985,-0.0302012,1.58971,2.58141,-1.47257,0.00793481,-2.97546,0.430007,0.507523,
2.39299,-0.481397,0.310373,1.92972,0.854933,0.538652,-0.24839,-2.8601,0.603046,
-2.61876,0.023298,1.13437,-0.217261,-0.230008,0.44557,2.19175,-1.27065,0.540788,
-1.67849,0.16673,0.719321,2.93829,-1.67104,0.291757,2.97674,1.42904,0.703452,
-2.80993,2.95751,0.136723,-2.32249,-1.84649,0.265206,2.67956,-0.00431445,0.327769,
2.94342,0.0292424,1.47801,0.593738,1.83901,0.03296,-1.82022,-2.89672,0.509659,
-2.79656,-0.188206,0.620136,-2.18863,-1.77784,0.198675,-2.34849,2.66835,0.0866726,
2.85076,-0.251485,0.20661,-0.800836,0.150047,1.30863,0.491745,-0.725116,0.925932,
-2.10202,0.668357,0.234077,1.05628,1.3278,0.12421,-1.62319,1.21351,0.296945,
-1.25623,-2.57381,0.0607318,2.74841,0.457811,1.12644,-0.291055,1.43154,0.177923,
2.62334,0.210258,0.395215,1.41664,-1.85531,0.159917,1.52669,-2.82079,0.38789,
2.59624,2.71724,0.0524918,2.36497,-0.412749,1.06998,2.81194,2.93181,0.577105,
-0.609485,-2.73201,0.115665,-1.93429,0.807186,0.359508,-1.72481,2.81446,0.590838,
1.07697,2.41619,0.0308237,-2.7387,-0.364236,0.615558,-2.19175,-0.0597312,0.856655,
1.61678,-0.948125,0.193182,2.5501,0.169222,0.608844,-2.69695,2.98205,0.210273,
2.79034,-0.391273,0.456557,-2.91412,0.748318,1.08188,1.34559,-2.23153,0.196539,
2.79803,-1.03096,0.267342,2.39189,2.63977,0.33723,-0.656911,-2.94409,0.623798,
2.57811,3.09116,0.168767,-1.4203,-1.94179,0.163579,-0.670278,-1.83441,0.0228889,
-2.04105,-0.0792901,1.22501,1.33625,2.06509,0.212104,1.33369,2.21638,0.510269,
-2.48473,1.69059,0.209967,-2.83099,-1.79069,0.368053,2.41588,-0.771328,0.394299,
2.74346,3.1228,0.196234,2.15622,-2.40871,0.169683,1.77078,-2.91283,0.457472,
-2.11081,1.51744,0.192572,0.626514,-1.13413,0.846278,0.556932,0.335664,0.281381,
-1.6805,0.136433,0.843226,-2.89599,1.76423,0.27192,0.0332347,-0.410065,0.0314341,
2.78265,0.599901,0.208747,-2.92291,-2.87621,0.0805689,-1.56404,1.80852,0.301523,
2.76708,-0.00680725,0.765709,-1.86929,0.413325,0.521867,2.79601,2.64821,0.167241,
-2.37339,0.0503353,0.880764,2.82641,2.92664,0.111698,-0.571032,-1.39223,0.619221,
-0.535691,2.61542,0.228584,-1.40217,-2.84783,0.710776,1.24287,1.59338,0.05768,
1.32563,-0.750811,0.253609,-1.00281,2.1717,0.166326,1.98263,0.28159,0.257271,
-1.90243,0.0257908,0.817896,-2.9176,2.24227,0.0790429,-1.66732,2.84035,0.211798,
-2.31425,-0.0252156,0.296335,0.3361,0.653783,0.507828,-2.87182,-0.459729,0.102542,
2.53215,0.0269414,0.937223,-0.318888,-2.31168,0.157781,0.157567,-2.70037,0.320444,
2.88336,2.57228,0.0646992,1.28516,-2.23479,0.430616,1.39265,-2.19011,0.0781274,
2.20182,-0.00469796,1.65258,-0.448164,0.191658,0.800195,1.63857,-0.890982,0.430921,
1.93374,-0.155033,0.625629,-1.78689,2.87467,0.337535,1.10535,2.3742,0.139164,
-2.44902,-0.00450621,0.988495,2.6953,0.671041,0.408948,2.51823,-2.92453,0.530412,
2.163,0.245349,0.843226,-1.47615,-1.98973,0.154118,-0.879208,-1.55905,0.72512,
-2.11393,-0.0687436,0.878323,-1.09839,-0.809679,0.304575,2.68505,2.69557,0.343028,
-2.69787,-0.09022,0.548418,-0.990539,-1.92779,0.380871,-1.80703,-1.46816,0.0582904,
2.75738,0.582068,0.37843,-2.69347,-1.14601,0.402234,-0.101169,-1.31763,0.563677,
1.44374,-0.961548,0.104373,2.04764,0.490218,1.01657,0.38847,2.29922,0.136418,
2.69091,0.115723,0.720542,-2.72515,-0.348895,1.1655,0.0801111,0.20393,0.00396741,
2.23405,0.111696,0.158696,0.744255,1.72856,0.471511,0.597217,1.27717,0.0946074,
-2.2866,0.0589642,0.0732444,-1.37764,-0.532787,0.649129,1.22694,3.11513,0.637532,
-2.72405,0.0271331,0.794702,1.3553,0.0280919,0.14893,-0.322184,-1.50977,0.0991852,
-1.64132,0.123969,0.38728,1.82516,-0.10441,1.90741,-1.08191,-1.74582,0.193793,
-1.53236,2.68599,0.0650044,-2.43034,-1.71226,0.126652,-0.123142,-3.13929,0.0912503,
-1.62941,-0.873149,0.0570696,1.99454,2.54946,0.191046,-1.81344,-2.83747,0.0802637,
-2.78301,1.95464,0.18952,-1.4756,-2.49615,0.0357067,-2.19596,-1.73642,0.721152,
2.79034,-0.433267,0.686361,-0.0729698,-0.519172,0.182196,1.17219,1.76499,0.0497452,
0.88525,0.00834128,2.51991,-2.92364,-0.966917,0.376598,1.63289,3.07026,0.37904,
-0.562792,-2.05032,0.0372326,-2.34208,0.141802,0.347606,2.50139,0.000671137,1.04251,
2.98645,-2.00833,0.276193,1.45839,3.12012,0.227058,-2.24064,-2.25914,0.0485244,
-2.90094,1.88676,0.0671407,-1.88229,-1.04093,0.794702,-2.83374,2.37324,0.0674459,
-1.24854,1.84476,0.00824,2.90405,-0.0340362,2.58034,0.337931,2.97247,0.550554,
-1.51588,-0.0140939,2.21747,-1.88229,1.23671,0.108951,2.14396,-0.157142,0.825831,
1.93759,0.264907,0.730613,1.71053,-2.36806,0.22248,-2.52794,1.0488,0.72512,
-2.48802,-0.349471,0.329295,-1.79128,0.62713,0.73336,-2.96448,0.450525,0.137944,
1.64095,0.176509,0.252693,2.57921,-0.0620322,1.00192,0.352763,-1.05704,0.213019,
1.84823,0.0302012,0.845363,-2.44499,-2.79624,0.245674,0.582385,1.75349,0.0482192,
-1.11249,-0.0436239,0.463576,-2.53984,0.283891,0.704062,-0.743889,-1.28772,0.903653,
-1.80099,0.170565,0.680868,0.347636,-1.84131,0.346385,-0.982665,-1.56557,0.28901,
-2.93188,0.0829334,0.451369,1.38661,-2.22616,0.309458,2.09268,2.46298,0.197455,
1.9949,-0.260881,0.53621,2.76873,-1.13202,0.143742,-2.54442,0.578041,0.331431,
-0.752495,-2.29078,0.0207526,-2.93573,-0.0595394,0.395825,-0.535325,1.82425,0.274667,
2.18882,1.06203,0.278024,0.819514,-1.53086,0.543229,-1.7911,-2.53047,0.169378,
-2.98718,-2.78531,0.156865,-2.5858,1.40143,0.0405896,2.26151,-1.4068,0.287484,
2.35234,0.129146,0.748009,-0.0793786,-0.977463,0.372021,-2.86615,1.84841,0.446181,
-1.32746,-1.19932,0.15717,1.71346,-0.256854,0.336314,-0.652882,2.98455,0.544755,
-0.397076,-0.432883,0.366527,-2.2996,0.751002,0.828272,1.05463,1.59836,0.278329,
-0.779046,-1.96001,0.184637,-2.63305,1.08523,0.953703,-2.23716,-0.519748,0.366527,
-1.29743,0.0192712,1.93823,1.86801,-1.99798,0.23011,-1.36207,1.92971,0.435804,
-2.56694,-0.0275166,0.698874,-0.958495,-0.195109,0.0518815,2.4265,-0.889832,0.15717,
-1.40437,-2.10938,0.0689718,-2.27085,0.52761,0.762352,0.394696,2.40718,0.180975,
-2.11136,2.42904,0.115055,-1.44246,-1.79299,0.481582,0.374737,-2.2463,0.311289,
-1.67299,-2.86949,0.0439467,-2.28404,-0.392807,0.212104,0.450179,1.50939,0.39613,
-2.56713,0.240363,0.296945,-2.69054,0.00373919,0.994293,-0.0227973,-2.30171,0.149236,
-2.65795,-0.0881107,0.913724,1.89987,2.27352,0.276803,-1.60488,-1.94793,0.642415,
-2.25016,0.605653,0.384533,2.8612,-0.833648,0.804163,-1.30164,-2.12031,0.224616,
1.07569,-0.0708529,1.15238,1.36152,2.8321,0.0476089,-0.236671,-0.903446,0.300607,
-0.975158,0.856083,0.00640889,-2.97894,0.449374,0.435804,2.29026,1.61025,0.104373,
-0.690786,-0.00661549,2.55318,-2.16593,-1.99088,0.0369274,-2.59532,0.924731,0.536821,
1.55416,0.16788,1.06052,0.783074,-2.88599,0.464492,-1.44539,0.71898,0.194708,
2.89544,-1.36059,0.344554,1.8486,2.78896,0.566729,2.92383,-0.631732,0.17365,
-1.38075,0.142185,0.878933,0.66332,-1.12914,0.587786,0.829218,2.01945,0.891751,
-1.51936,0.0604982,0.196539,-1.7955,-1.86605,0.219733,-1.79568,2.63345,0.152287,
-2.37394,-0.0119846,0.589007,-2.97913,-1.69961,0.4944,0.383343,-1.92914,0.0292978,
-1.69021,2.72415,0.102237,-2.34977,-0.990694,0.158086,-0.071688,-1.6509,0.599384,
-1.28242,0.290794,0.339671,-2.90844,-0.0288589,0.110477,-0.528367,-0.514762,1.1652,
-1.12824,0.564426,0.210273,-1.4247,-0.354073,1.49846,2.30345,2.0137,0.0415052,
-0.570299,0.0012464,4.33821,-0.259194,2.95598,0.191961,0.548875,1.60661,0.102237,
-2.93518,-0.220421,0.318918,-1.99435,2.36921,0.194708,-0.491379,-1.06759,0.142521,
-1.67757,-0.0426651,0.950041,-1.93796,-1.10057,0.314646,2.79931,3.01945,0.291757,
2.63726,2.32108,0.0424207,2.52886,-0.509968,0.365917,1.69698,-0.263757,0.53621,
-0.543565,2.16403,0.0521867,2.40141,-1.52051,0.305795,1.51515,-1.66547,0.418104,
2.88079,0.869314,0.283822,-0.926634,1.17842,0.151982,1.61769,-0.633841,0.177007,
0.776299,0.114189,0.781579,0.678518,-2.00123,0.0326548,-1.094,-0.297122,0.603961,
-1.9808,0.21812,0.810877,0.27604,-1.51687,0.407422,1.2566,2.09289,0.473647,
-1.13392,2.72165,0.0366222,-1.95553,-0.387438,0.550554,-1.38661,-2.77745,0.311594,
-2.71673,1.5997,0.169073,-0.0116276,-0.0871519,0.199896,-2.71947,-1.7997,0.748924,
-2.6043,0.0307764,0.579546,2.18992,-1.14141,0.162053,-1.76913,2.64457,0.349132,
-2.00223,0.276413,0.884426,1.95791,1.80718,0.133366,0.626514,1.47583,0.0698874,
2.47008,0.102492,0.656453,0.92114,1.2881,0.365307,-1.25623,-2.11955,0.0241096,
1.39521,-0.0016299,1.37425,1.75448,-0.22253,0.130009,1.46773,1.28005,0.105289,
1.32325,0.180344,0.681173,-0.252602,-2.73469,0.145573,-2.66106,-2.20622,0.410474,
0.466292,0.0971231,1.20914,1.17841,-0.939113,0.778222,1.99307,-1.60641,0.307321,
-2.9079,-0.258771,0.422681,-2.30161,-1.74218,0.109256,0.269631,-2.59759,0.125126,
2.0416,-0.0330775,1.74383,1.1167,0.369605,0.368664,2.12821,0.148897,0.141606,
1.11066,-0.412941,0.657369,2.91064,2.72587,0.233772,-1.32691,-0.343718,1.31352,
-2.32359,2.73201,0.150456,2.28404,-1.709,0.639363,-1.2555,1.88753,0.192267,
-2.70428,-0.132598,0.612201,2.92492,2.06912,0.218207,-2.69274,-0.890215,1.0242,
1.31886,1.50306,0.02472,2.30692,1.97458,0.237739,1.32344,-1.95579,0.0469985,
-2.86267,0.28926,0.313425,0.941282,-1.26203,0.261544,1.51296,1.55311,0.611591,
1.61476,-0.395875,0.256661,-2.97784,1.72473,0.365612,2.76086,-1.50344,0.430311,
1.06616,0.504216,0.454115,2.56584,0.367687,0.00701926,1.00299,-1.90977,0.0268563,
-1.21448,-0.940647,0.0665304,-1.51296,-0.428281,0.414747,0.449263,2.1765,0.41261,
-2.16794,-0.370947,0.306406,-0.76165,1.30824,0.252998,-0.735649,-2.52568,0.444349,
-1.37379,0.319749,0.398572,-1.506,-2.45895,0.230415,-0.383343,-1.13374,0.273141,
-1.44246,0.0890695,1.22532,-1.16742,2.25703,0.111393,-1.47743,0.101342,0.021363,
-2.43602,0.523199,0.575274,-0.0262764,-2.90439,0.251473,-1.96725,-2.81619,0.0723289,
1.98795,-0.0185042,0.750755,1.55562,0.123969,0.956145,-0.559313,-2.988,0.155034,
2.41221,-0.34391,0.18891,1.52303,-0.102684,0.835597,0.815668,-1.49769,0.180059,
2.41569,-0.474302,0.276193,-1.68526,0.753687,0.574664,0.763848,-0.855125,0.360118,
-2.68651,0.579575,0.312815,-2.29942,-0.542758,0.794397,-1.41591,-2.44419,0.275887,
1.86764,-2.82616,0.162969,2.35728,2.93776,0.439772,-1.96524,-0.403162,0.32899,
1.16761,-1.98513,0.108646,2.86908,-1.67986,0.01648,0.556383,-2.27161,0.04944,
1.57833,0.621185,0.487991,0.538987,0.0279001,0.162969,0.646657,-1.44419,0.18952,
-1.80117,0.116107,1.00009,0.0365307,-2.85109,0.193487,-1.71987,-2.45588,0.347606,
-0.575976,0.0852344,1.12156,-2.90277,-1.5161,0.0479141,2.00204,-1.99682,0.21485,
-0.859249,0.00738251,1.89428,2.57994,-1.35579,0.186163,-0.905026,-0.121668,0.445265,
2.51476,0.0455414,0.84872,-2.8526,0.574206,0.218818,2.83135,3.10842,0.163579,
-1.99124,1.91264,0.252083,-1.10883,-2.74006,0.335093,1.57265,-1.19204,0.259102,
-0.942381,1.63345,0.144353,2.35142,-0.85685,0.556963,2.39647,-0.732019,0.608539,
-1.5049,1.68714,0.265816,-2.50249,-2.60257,0.709555,-2.36241,0.699804,0.123905,
-0.692618,-0.0428569,1.12461,-2.46825,-2.20143,0.23072,0.951903,-1.83134,0.166631,
0.586779,0.805077,0.20539,0.0936613,-2.22635,0.126957,-1.01453,0.285809,1.12613,
2.26829,-0.475644,0.317698,-0.89404,2.05588,0.203864,-1.16871,-2.08906,0.00244148,
1.14783,-1.03537,0.448012,1.08557,2.58321,0.0567644,-1.41371,1.04937,0.0460829,
2.01175,-0.755796,0.299387,1.35658,1.28504,0.467849,-1.48109,-1.65454,0.715354,
1.47908,1.80718,0.142521,-1.49574,-0.671616,1.07578,2.69274,1.52223,0.976897,
1.51973,1.77612,0.185247,0.974609,-1.85243,0.673238,1.61293,-2.9995,0.199591,
0.1854,0.696161,0.0769066,2.42833,-0.265099,0.443739,-2.32176,-1.73412,0.335093,
2.124,-1.5299,0.165716,1.00189,2.66048,0.328379,-2.61602,-0.595874,0.382702,
2.37669,0.356374,0.347911,-1.43257,3.00526,0.0277718,1.8486,-2.89902,0.595721,
-2.96008,1.5347,0.306711,-1.5038,-2.31072,0.479751,0.38609,2.23,0.730918,
1.79238,-0.234035,0.389416,2.34043,-1.61159,0.248115,2.81927,-1.09252,0.0888089,
2.52171,-0.181111,0.183111,0.395795,-0.0616487,1.13224,-1.40767,0.750619,0.0219733,
2.2573,0.889448,0.269478,0.466842,-2.82942,0.23957,-2.14945,0.221571,0.0817896,
-2.50743,0.515337,0.123905,1.53932,-0.368838,0.667745,-0.855037,2.28925,0.657674,
2.3994,-0.00373919,1.20212,-0.379681,-2.26624,0.0842311,-1.9733,1.70248,0.138859,
-1.87075,1.22463,0.242012,-1.5732,-1.60833,0.298776,0.130284,-1.83172,0.302744,
2.02933,-0.499614,0.196234,0.833247,1.05148,0.145878,2.40489,-1.38245,0.637532,
1.94327,-0.431349,0.443434,0.0586871,2.31111,0.283822,2.09909,2.853,0.0155644,
1.62264,2.05473,0.0793481,0.58916,-0.798174,0.776391,-0.719535,-1.80296,0.241707,
-2.23386,0.240171,0.524308,-0.911802,-1.76269,0.118107,2.22855,1.33777,0.365917,
-2.10898,-0.267208,0.480056,-2.95972,0.573247,0.00305185,-2.08792,-0.252443,0.480361,
2.31022,2.19586,0.0668355,2.4503,-3.08809,0.166631,-0.636586,0.466632,0.459304,
2.69366,0.915527,0.341197,-0.372723,-3.12031,0.249336,-2.03519,0.545443,0.0305185,
2.62609,0.230967,0.108036,2.36003,-0.152923,1.0712,-0.757439,1.26586,0.0289926,
2.8515,-0.258388,0.105899,-0.0971404,1.69865,0.184027,1.6371,-2.83958,0.0289926,
-1.38551,-0.362702,0.723289,2.65062,2.69692,0.563677,-1.33827,1.23882,0.260628,
-2.16501,-2.95808,0.0332652,-1.65651,-0.589162,0.0808741,-1.7239,1.24918,0.495926,
1.61751,0.592998,0.483718,-2.77532,-2.46087,0.0726341,1.78524,-3.13948,0.669881,
1.34065,-0.00373919,0.322581,-0.0398267,0.0302012,0.651875,1.58034,0.251676,0.684835,
-2.74071,1.87314,0.205695,-0.606006,-2.48618,0.326243,2.50322,-0.953494,0.209967,
-2.93646,-0.138542,1.11576,0.630177,2.74811,0.156255,0.0929289,-0.436527,0.855434,
1.04529,0.000671137,2.35847,2.82989,1.15982,0.364696,-1.47542,-2.8624,0.542924,
0.731437,-2.97151,0.133976,-2.05643,1.83211,0.675069,-2.55815,2.77362,0.151067,
-0.621021,-0.132406,1.12094,-2.07218,2.82865,0.455336,-2.64495,-0.739114,0.310068,
-1.7076,-2.62501,0.0845363,-1.87149,0.99568,0.666524,-0.944212,0.863945,0.111698,
2.12986,-1.14774,0.155034,0.0506302,-1.64918,0.159307,0.0934782,1.98685,1.02969,
-1.89016,0.00393095,0.787683,0.474715,-0.354456,0.443434,-1.2718,-2.9299,0.223395,
-2.022,-0.351005,0.369579,0.447249,0.879094,0.299997,1.43587,0.365578,0.0497452,
-2.86102,1.61332,0.223395,-2.75426,-0.65455,0.283822,1.50929,-2.62443,0.0109867,
1.84292,0.615433,0.366527,-2.80297,-0.814856,0.904263,-2.39262,2.82309,0.81637,
1.11908,2.58685,0.0967437,0.36375,-0.775547,0.122684,2.31205,-1.04803,0.655538,
-1.68123,-2.23383,0.0851466,-0.670644,-2.04361,0.144353,-0.183386,2.93412,0.329905,
-1.95773,-0.000671137,0.94882,1.55214,-0.549278,0.400708,-1.10865,1.51341,0.385449,
-0.783807,-2.14447,0.0708029,-0.130467,0.121476,0.220344,-1.99948,1.14256,0.656453,
2.47722,-0.570179,0.0354015,0.428205,0.078523,1.64983,-2.69475,0.314188,0.213324,
2.75134,-1.93259,0.218207,0.167455,1.6626,0.763268,1.29469,0.962698,0.348216,
1.79183,-1.67084,0.161138,-1.37031,0.628855,1.30131,-2.44407,1.56941,0.365917,
-0.487167,0.0921375,0.268258,-0.873531,-0.0635663,0.974456,0.761101,-1.25512,0.419019,
2.54277,-0.109779,0.486465,2.35325,-0.448607,0.396435,1.68929,0.77478,0.183111,
-0.491928,0.2488,0.896023,-2.17124,-2.71398,0.376293,-0.639698,-0.593956,0.135197,
2.9143,-1.4532,0.246895,1.25202,3.14083,0.00885037,-2.02567,-1.1418,0.265816,
-0.770074,0.0453497,0.561846,-2.60942,-3.1297,0.0756859,2.53673,1.5044,0.260323,
1.21302,0.0292424,1.93945,-0.179724,-1.84131,0.0921659,2.62719,0.139884,0.28779,
1.56954,1.77688,0.177007,2.65337,-1.84553,0.254524,-2.63176,3.08042,0.425428,
-1.39796,-0.114956,0.581683,0.367595,-2.05838,0.241707,1.64351,-2.97304,0.0943022,
-2.64403,-1.33336,0.187994,-1.45363,1.26624,0.18952,-1.62484,-1.35656,0.426344,
2.58654,-0.0284754,0.21485,0.540819,0.196643,0.0424207,-0.103366,-0.0292424,1.92755,
-2.34629,-0.911692,0.303354,0.0129093,2.38167,0.114444,-0.572497,0.725499,0.284127,
0.921506,0.0305847,1.1832,-0.257729,-0.878135,0.23011,-2.84198,-1.7928,0.348216,
0.363018,0.149664,0.356456,-1.78561,-0.801817,0.211493,0.541185,2.27448,0.35371,
2.87658,-0.0192712,0.464797,-2.87548,2.77362,0.116276,1.29615,-2.36921,0.466323,
0.543565,-0.0271331,1.70171,2.63799,2.29385,0.490127,-2.21006,2.73162,0.0881985,
-2.37815,-0.882162,0.380566,2.70171,-3.07333,0.168462,-1.81948,-1.3836,0.134892,
0.814203,0.214668,0.643941,0.805597,-0.434609,0.592364,-2.94232,-0.117449,1.09012,
1.74184,-0.0313517,0.466933,1.06049,0.522432,0.187384,-2.31388,0.126461,0.253304,
2.93481,0.830388,0.113834,2.53673,0.747167,0.0686666,0.676687,-0.694819,0.649739,
2.90973,0.00393095,0.516068,1.35072,-0.857617,0.570696,2.36131,2.52415,0.174566,
-0.692984,1.98033,0.0820948,-0.991089,-2.79394,0.40315,-0.582385,0.568645,0.175787,
-2.38475,0.437485,0.47029,1.37013,0.597983,0.0824,2.94873,-2.60794,0.439161,
-0.461165,0.154074,0.779748,-2.92694,-0.481781,0.56032,0.224952,0.127037,0.930815,
0.574328,-1.82003,0.116886,2.58745,2.66413,0.251778,2.89489,-1.07027,1.2653,
1.10627,0.0156279,1.03153,-1.03833,0.0336527,1.39042,-2.54076,-1.80622,0.661031,
-2.9046,0.0443909,0.555132,1.07917,-0.0543621,0.223701,2.85369,0.933168,0.180059,
1.71511,1.54045,0.0424207,2.54863,-1.61274,0.27253,-2.90112,2.1717,0.0814844,
2.73595,-1.21754,0.089114,-2.15897,-2.95387,0.0585955,-2.0665,2.72587,0.356761,
-1.37214,-0.286959,0.654317,-2.28935,1.25896,0.320444,-0.578356,2.46144,0.112003,
2.02475,1.4904,0.0234993,-1.41499,2.85626,0.120548,-1.28919,-2.29634,0.64272,
-0.706168,0.107478,1.02176,-2.41917,-1.8323,0.516373,-2.43071,-0.469317,0.160527,
-0.986694,0.11323,0.950346,2.38932,1.02329,0.159612,-2.95697,-0.584944,0.129093,
1.11725,-1.30018,0.211798,-1.98795,-1.27679,0.0277718,1.24158,-0.951385,0.00854518,
-1.11048,0.00719075,1.04007,-1.02149,-0.0484177,1.56835,-1.84439,-2.8925,0.0802637,
-0.389569,0.496929,0.42024,-2.76104,-2.06643,0.492874,-2.03574,-0.61294,0.0735496,
-1.46883,-0.422912,0.61037,-1.93594,2.34236,0.0845363,-0.777215,-2.06068,0.201422,
-1.83175,0.13183,0.27253,-1.6166,-0.486574,0.360118,-0.950255,-0.981682,0.0967437,
1.37379,1.20009,0.404675,0.583117,1.10383,0.0238044,-0.532212,-1.31687,0.166936,
2.13022,-1.38743,0.0158696,0.970031,-1.48542,0.195624,0.85284,2.36192,0.514237,
2.03336,-0.032694,1.22318,1.13868,-0.440745,0.0491348,-2.8449,2.05895,0.192877,
0.112522,3.07889,0.0405896,-2.8352,-1.80277,0.308237,0.165075,-0.209491,0.251778,
1.9689,0.412749,0.500504,-1.70302,-1.70306,0.514847,-1.08594,2.24591,0.79989,
0.185583,1.17842,0.102542,-1.14893,-1.99606,0.515458,-2.50359,-1.63307,0.129398,
2.61309,0.456086,0.207526,-0.63329,-1.69865,0.227363,1.46956,1.76825,0.407727,
-2.99506,-2.32108,0.0509659,-1.77041,1.82923,0.0830103,-1.01233,-1.6764,0.317087,
0.146031,2.22252,0.0915555,-2.93939,-0.555606,0.75808,1.39467,0.304025,0.415967,
-1.0495,-0.0265579,1.40568,2.23002,1.71706,0.100406,-1.22108,-0.115915,1.89367,
2.43529,2.17055,0.0482192,2.82531,-2.48292,0.1236,0.865291,-1.02233,0.368053,
2.02878,-2.19855,0.0698874,-2.66839,0.381877,0.713523,-2.85406,0.0854262,0.943632,
0.456771,0.978997,0.241096,-1.07331,-2.81504,0.107425,-2.22562,2.78953,0.284433,
-0.689505,0.853399,0.196539,-2.64605,-2.69538,0.367443,-0.252785,1.68733,0.281075,
2.83135,2.86163,0.23835,0.287759,2.68714,0.120243,-0.900815,-1.38283,0.101321,
1.19617,-1.3882,0.28077,-2.21738,2.09308,0.216376,-2.46348,2.61983,0.483108,
-1.36427,-0.0292424,0.924711,-1.60121,-1.06337,0.313425,1.7543,2.45722,0.392163,
0.18302,-0.896543,0.0585955,1.6578,0.0470755,1.13895,0.677419,0.0397888,1.19175,
1.50032,0.0674013,1.00528,2.12253,-2.43997,0.289315,2.83776,-1.5928,0.303964,
-2.34336,-1.58666,0.0732444,0.576525,0.342759,0.16419,0.511704,0.72991,0.0799585,
-2.60503,3.1228,0.143437,-0.152623,-1.74313,0.961943,-2.32798,1.16366,0.115665,
0.539354,0.746784,0.0863674,-2.48216,0.506133,0.114139,-1.84585,-2.60392,0.269478,
1.23298,0.223105,0.557268,-1.24946,-1.8183,0.220038,-2.77294,1.12243,0.756554,
-0.598498,-0.0932881,1.00894,-0.0859706,0.663755,0.122379,-1.65047,0.587437,0.553301,
-2.80902,-0.814473,0.178228,1.67556,1.91725,0.329295,-1.64718,-2.2461,0.397656,
-2.03684,0.468358,0.302438,1.08521,2.15656,0.112613,-2.70629,-1.33067,0.795007,
0.90759,0.981682,0.236518,1.71255,-0.790695,0.870998,1.24543,-0.139117,0.430921,
-1.8768,0.0796736,0.718711,1.53493,-1.79242,0.200507,-0.511887,-1.70728,0.0747703,
-2.35289,2.58819,0.0347911,-1.59224,-0.173441,1.19297,-2.18149,0.602202,0.325022,
-1.33131,-0.609105,0.336314,0.634205,0.365386,0.147099,-1.53786,0.8743,0.704062,
-1.37489,-0.333939,0.719626,1.6437,-1.09079,0.234993,-0.721549,2.73067,0.0061037,
0.109226,2.06739,0.0546281,2.25199,-0.690984,0.0787378,0.385723,-0.142569,0.556658,
2.64129,1.72511,0.162969,-0.86932,1.57899,0.0985748,-0.973144,-1.83077,0.355846,
-0.948241,-2.86758,0.248421,0.994018,2.88982,0.165105,1.56404,-2.57324,0.0158696,
-1.98044,-0.449182,0.327158,-0.916379,1.38743,0.524918,2.935,-3.02635,0.104984,
2.03317,0.560399,0.162358,-2.42009,-2.62252,0.0714133,-0.633473,2.04706,0.252083,
0.795892,-1.12396,0.322886,1.54738,2.74505,0.332347,-1.54701,-0.456086,0.17243,
0.629994,0.320324,0.546587,0.578722,-2.64092,0.0283822,0.111972,-0.603927,0.843837,
-2.09964,0.372289,0.368664,1.89767,-0.88964,0.396741,1.36006,-3.06777,0.0262459,
-1.70046,-0.973436,0.302744,-0.829218,2.5671,0.366832,1.0246,-1.62137,0.216681,
-0.527268,-2.7926,0.108036,-2.54515,2.04956,0.255745,1.29524,-0.884846,0.479751,
1.60488,0.552346,0.222175,0.027192,1.79318,0.0909452,2.3441,2.09385,0.0683615,
1.85812,0.0238733,1.17222,-1.31446,-3.11666,0.141911,-0.119846,3.07294,0.544145,
1.76418,-0.72665,0.27955,-1.60927,0.509585,0.565508,-0.942198,3.12318,0.391858,
1.45564,-0.992995,0.225837,1.88174,0.845345,0.112003,0.593005,-0.153115,0.487381,
-0.707633,-0.574781,0.0314341,-0.448164,-0.900378,0.212714,2.96649,0.909199,0.740379,
2.24247,-1.95387,0.0994903,0.0953093,1.79011,0.389111,-1.0235,-2.55924,0.211188,
-2.53783,0.426172,0.182806,-1.65542,-0.264524,1.34068,1.07642,1.27065,0.163274,
-2.38035,2.10248,0.135197,-0.866756,-1.88196,0.306711,-2.9339,-0.255895,0.401318,
0.185583,-0.0907953,1.23173,-1.52156,0.921471,0.00946074,-1.92825,1.29807,0.916471,
0.936522,-0.285233,0.345775,-2.99835,0.56155,0.545061,-0.664602,-0.547744,1.03977,
-2.67534,-0.565385,0.488601,-1.02826,-0.298272,0.344859,-0.612781,0.43576,0.0207526,
-2.63066,-1.05014,0.336009,-0.913633,1.72856,0.27955,-1.60634,0.169606,0.307016,
1.62905,0.192425,0.582904,0.709647,-1.0371,0.180975,2.40233,1.03576,0.180059,
2.59825,-0.0336527,0.736717,0.53679,0.943523,0.438856,-0.387738,-2.24821,0.804773,
-0.790582,2.44936,0.23011,0.749382,-2.95789,0.432752,-1.50526,0.628855,0.0439467,
1.05719,-0.131447,0.713828,2.78961,1.59012,0.425733,0.191443,0.193383,0.119938,
-0.411176,-0.373248,0.512711,-1.24342,2.41466,0.517899,0.316507,-2.8229,0.206,
2.06503,-0.0378713,0.456862,-1.44356,-0.666056,0.161748,0.0757164,-2.44035,0.179449,
-0.721549,2.17362,0.0665304,-2.11887,-0.26299,0.31312,-1.90316,-0.382261,0.663472,
1.26978,-2.75195,0.0491348,2.2031,1.1788,0.648824,1.42323,2.188,0.0967437,
-2.41478,-2.71954,0.276193,0.6245,1.90689,0.122074,1.11267,-2.47065,0.0158696,
-2.06211,-1.54371,0.125126,-2.39793,1.20814,0.217292,-1.77993,-1.94141,0.0311289,
1.12256,-0.111313,0.909757,-0.549608,-2.22213,0,-1.06946,2.83977,0.442213,
0.469955,-2.10632,0.105594,-2.1511,1.83556,0.65096,-2.96118,-2.5368,0.00640889,
2.58068,-2.71168,0.148625,1.23591,1.2394,0.624714,2.1088,0.784367,0.00366222,
-0.92407,0.977847,0.118717,-2.10294,-0.431541,0.599689,0.464644,2.12223,0.500504,
-1.20551,-1.75368,0.177923,-2.40159,-0.27066,0.135807,0.887631,1.66375,0.553301,
-1.96542,-0.465865,0.46144,1.38423,-0.127037,0.0750755,-2.69988,1.2139,0.0756859,
-2.63488,-1.16231,0.362255,-1.04785,2.4392,0.432447,-2.13187,-0.949084,0.847499,
2.29978,3.09538,0.0518815,-2.3787,-0.45762,0.195929,1.76455,0.567494,0.177618,
-2.76141,2.57247,0.0473037,0.773919,-0.272769,0.793786,1.64736,2.24476,0.278634,
-1.6415,-1.81178,0.184332,-1.16285,2.08407,0.49501,0.791131,2.01849,0.118717,
0.867855,-0.0152444,0.809046,1.39283,0.577849,0.207831,2.17838,3.0693,0.398877,
-1.88119,-0.320899,0.625019,0.486251,1.64419,0.693381,2.53984,0.335856,0.180059,
1.97971,-0.211983,0.324107,0.0689413,-1.68139,0.224616,-2.92767,1.94256,0.846889,
-1.7499,1.01888,0.257271,0.385174,-2.20756,0.334788,-1.49409,-2.37036,0.140996,
2.89874,-2.46911,0.0695822,1.82315,-0.0813993,0.241096,1.37214,2.76806,0.0946074,
-0.768059,2.07448,0.0842311,-1.40492,-1.47717,0.101627,2.27195,-0.21486,1.10416,
1.55837,-1.71111,0.146794,-2.95038,1.1418,0.440382,-1.35804,1.51955,0.454421,
-2.18918,0.463756,0.225227,2.73486,-2.53565,0.167547,-1.56972,-2.52606,0.292062,
-2.26115,0.986859,0.274056,2.92767,-0.4511,0.318308,-1.33699,-0.730101,0.0231941,
-2.27635,2.94792,0.105289,1.68654,-1.14199,0.621357,0.352397,-3.13584,0.282907,
2.62169,-2.12396,0.200812,2.69402,2.15751,0.441908,0.0484329,-1.49079,0.243233,
-0.0266427,0.00776601,0.687887,1.60799,-0.0169702,2.3072,0.365398,0.601051,0.655232,
1.6979,-1.80181,0.281686,-2.10862,2.79452,0.250862,-2.67315,0.774588,0.414441,
-2.66051,-0.0804406,0.65981,0.143834,0.933552,0.344554,-1.01086,-0.788203,0.477615,
2.55522,0.376891,0.703452,-2.70812,2.15464,0.00701926,-1.67006,-2.96671,0.454115,
0.338481,0.0150526,1.91198,-0.0520951,-2.1926,0.126347,2.05588,1.86739,0.3296,
1.62117,-0.437294,0.0491348,-0.960143,-0.0848509,1.08982,-2.97455,1.15656,0.863063,
0.778863,0.0198465,1.43284,2.52245,0.392615,0.18128,-2.40745,-1.66873,0.341197,
-1.37123,-1.83383,0.169988,-1.81198,2.75828,0.433668,1.26447,-0.754262,0.199286,
-0.776666,-1.50306,0.00488296,-1.50655,0.0300094,0.224616,-1.51259,2.09308,0.0161748,
0.369976,-0.123585,0.620746,0.645741,1.16883,0.436415,-0.126438,-1.32741,0.919828,
-0.755791,1.6904,0.242317,-1.68691,-0.551771,0.275277,0.0887173,1.85186,0.0479141,
2.89618,0.180536,0.634785,2.52355,0.158868,0.0305185,1.40602,-0.469892,0.633259,
0.407331,0.806803,0.102237,2.44993,-0.743332,0.636616,-0.621021,1.29884,0.154729,
-1.25568,-1.7905,0.116276,-2.76196,2.02693,0.111393,2.51402,-3.02558,0.202338,
0.866024,0.885805,0.372936,1.56789,-2.29404,0.234382,2.35124,-0.0102588,1.01657,
-0.288308,0.0545539,1.04404,2.53984,-0.396259,1.19449,-0.00723289,-1.32952,0.112613,
1.97751,0.453209,0.390942,0.614795,-0.788011,1.06632,2.76086,-2.09788,0.0201422,
-1.09491,-1.50594,0.222785,2.98682,1.18705,0.571917,-1.53529,-0.265483,0.440687,
0.0788293,1.97822,0.113529,-0.942564,-0.58667,0.751976,2.31718,-1.16116,0.0625629,
-0.881039,0.719171,0.28779,-0.508591,-1.91495,0.54384,-1.03156,-2.46624,0.0637837,
-1.81106,2.92971,0.0869778,1.69204,-0.391465,0.122379,1.55251,-1.11227,0.761132,
-2.81945,1.51514,0.180975,1.88211,-0.146404,0.508744,-2.99176,0.266825,0.06592,
2.74273,-1.33317,0.189215,-2.90094,2.31629,0.252388,-1.95737,-2.50555,0.156865,
1.22272,2.3997,0.0238044,-0.211402,1.51111,0.219428,-2.63872,-2.06125,0.336924,
-2.44536,2.07659,0.23896,-2.00479,-1.64189,0.275582,0.772088,-0.296355,0.05768,
-1.24268,-0.491176,0.248726,-1.32691,1.44074,0.35371,1.56935,-1.25781,0.849635,
-2.46989,0.939304,0.268868,0.813837,-1.15311,0.629292,-2.84161,-1.1441,0.260323,
-1.72756,0.531253,0.287179,-2.8048,-0.320132,1.04556,-0.863643,0.9301,0.309153,
2.98663,0.192233,0.439467,-2.16886,0.252443,0.109256,2.25492,-2.90804,0.228278,
-2.91082,-0.0114093,0.307932,1.02313,3.03766,0.140385,0.104282,-1.81274,0.475784,
-1.339,0.33739,0.25605,-2.12766,-0.937578,0.261544,1.00665,0.70594,0.52797,
2.19907,-0.388013,0.275582,-1.05701,1.93776,0.368358,-0.61095,-0.663563,0.0451674,
-1.6675,-0.403737,0.223701,-0.978637,-0.639402,0.154729,1.87222,2.01619,0.691549,
-1.47505,0.437102,0.433668,1.01984,-1.7487,0.448927,-1.07239,-1.81715,0.166326,
0.507859,-2.04783,0.19776,0.817133,2.13489,0.310984,1.01727,1.63959,0.345775,
2.09012,-0.239979,0.159917,1.69515,2.24457,0.253914,-1.20954,1.77861,0.0933866,
-1.89657,-0.0461167,0.240791,-1.10425,0.0259826,0.816675,-0.466109,-1.99836,0.540788,
0.730522,-0.0549374,1.25523,-2.2866,-2.65991,0.102847,-0.438459,-2.44994,0.0509659,
1.63546,0.45762,0.105594,-0.728507,-2.25818,0.274972,-2.79144,2.81484,0.863979,
-1.47395,0.0883025,0.439161,0.946409,-1.16327,0.212714,2.09232,-2.59951,0.336619,
-2.98462,0.54947,0.472427,-0.335551,-2.09443,0.34547,-0.00558489,2.35847,0.146489,
1.41627,0.979381,0.195929,0.255348,1.12876,0.0552385,1.50893,-2.9065,0.237739,
0.45732,-1.13681,0.128483,-2.93078,1.46912,0.365001,-0.920408,-0.739114,0.149846,
1.95956,2.89442,0.145573,2.48271,-1.59779,0.23957,-1.32893,0.0752632,0.249031,
0.577624,-3.0415,0.0177007,1.52632,0.200478,0.968047,-1.80355,0.190124,0.294504,
-2.27909,-0.73547,0.28901,-0.266335,0.497888,0.0466933,1.90445,-2.02367,0.0259407,
1.86581,1.28868,0.415662,-0.0444044,1.30018,0.155034,1.64168,-1.05647,0.0671407,
-0.274392,0.54621,0.0668355,0.766228,0.774013,0.627461,2.76891,0.792996,0.0979644,
0.425642,1.86969,0.21424,-2.05423,-1.45474,0.489822,2.12455,-2.88023,0.431837,
2.98773,-1.58072,0.127262,-2.80059,2.8206,0.179449,0.720267,-2.42482,0.47029,
-1.74569,1.19951,0.22309,-1.19819,-1.00316,0.255745,1.63216,2.96269,0.211798,
1.60781,0.66759,0.14893,0.376751,-0.225406,0.250252,-0.911985,-0.244582,0.785546,
0.989807,2.43172,0.149541,1.5721,-2.58512,0.244758,-2.3159,1.39127,0.67568,
1.35603,-1.3278,0.111698,1.81875,-0.148705,0.278634,-2.97107,0.901337,1.25828,
1.78579,-0.1186,0.289315,-2.91778,-0.598367,0.0543229,2.71014,-2.14428,0.28901,
-0.626698,-0.37344,0.415357,-0.897702,0.810829,0.561235,2.10239,-2.21964,0.0317392,
-1.94839,-0.0693189,0.983917,2.87732,0.787436,0.679952,-0.856319,2.29577,0.291452,
2.51933,-2.35368,0.287484,-1.08667,-1.45876,0.0350963,-0.436995,0.809104,0.121158,
-1.01691,-0.11534,0.784326,-2.00259,1.14237,0.573748,2.31663,2.30708,0.216681,
-0.492111,0.0470755,0.379345,2.82641,-1.04208,0.499893,-2.34336,2.77995,0.127262,
2.35197,2.06566,0.102542,1.48585,-0.515913,0.760826,0.880306,-2.24687,0.028077,
2.67553,-0.305176,0.393384,1.30476,0.574973,0.427564,0.442671,0.0708529,0.51912,
-2.55229,-3.11283,0.0698874,-2.4069,0.613515,0.628681,-0.429304,0.690984,0.447401,
-2.04581,0.192233,0.914945,-0.861995,-1.27679,0.376293,-1.0376,2.05243,0.130314,
0.0916471,0.0016299,2.97037,1.24635,-0.602202,0.347301,2.80224,-1.59414,0.352794,
-0.203345,1.58839,0.113224,1.72536,0.504599,0.0735496,-1.18775,-1.78973,0.0955229,
1.68581,1.82444,0.27131,0.784173,-2.81772,0.744957,1.25404,0.0971231,0.0677511,
1.88467,-1.18858,0.0970489,-0.964354,0.572288,0.571917,0.99292,-1.21543,0.281075,
-0.906308,-0.135474,1.23081,-0.882321,2.40142,0.0671407,2.34318,1.78973,0.112003,
-2.84124,0.162895,0.24781,0.976989,-0.217736,0.46205,-0.457686,-2.04419,0.404065,
0.250038,-0.048226,1.68035,2.22013,-2.25818,0.0726341,-0.313944,-1.39357,0.125126,
-1.55306,3.12318,0.00885037,-0.841121,-2.40871,0.108341,-0.974609,-1.13508,0.189215,
-2.31553,-1.79644,0.0302133,-0.528916,-1.69002,0.18891,-1.36756,-2.49404,0.158391,
0.582202,-0.44017,0.274361,-1.05206,0.179769,0.357372,-0.359722,-2.5019,0.368969,
-0.169469,0.76826,0.234077,0.302774,-0.552921,0.966521,2.66033,-2.66681,0.384838,
-1.38057,-0.133556,0.669881,2.90112,1.33911,0.180975,-1.03009,-2.49845,0.251167,
-0.812922,-0.00853303,0.962249,0.775384,0.476411,0.305185,-0.0639973,-2.98685,0.424207,
-1.57027,0.916869,0.446486,0.145665,2.74159,0.120548,1.52962,-0.635759,0.0152593,
1.89016,-0.220804,0.267037,-2.97729,3.10516,0.290536,-2.44005,-1.05167,0.0152593,
-1.23151,-1.6626,0.202948,-1.17951,1.03787,0.730003,-0.0548418,-0.305176,0.129704,
-0.481857,0.596066,0.0231941,2.32029,1.23096,0.331126,1.62886,1.0883,0.174871,
-2.59624,0.0624157,1.02206,1.76894,-2.3951,0.112308,-2.81378,0.0558961,0.784021,
-1.47505,-1.4208,0.0708029,-0.127537,-0.597216,0.37965,-2.40782,2.84342,0.36317,
0.894223,-2.71226,0.0350963,2.39628,1.66778,0.334788,0.299478,1.76212,0.244758,
0.0786462,-0.19626,0.172124,-2.19211,2.92836,0.0439467,0.248939,1.41504,0.347301,
1.8898,2.41907,0.175176,-1.53804,-1.64246,1.00497,2.2465,-1.4183,0.0912503,
1.80062,-0.575548,0.168157,0.118748,0.885422,0.432447,-2.56932,-2.00162,0.611896,
0.860347,-0.858384,0.357982,1.7662,2.34121,0.327158,-0.0119938,-0.790695,1.03122,
2.2888,-2.59931,0.158086,-2.83245,1.82521,0.0427259,0.987793,2.26144,0.00549333,
1.99948,2.40085,0.173956,-1.02149,-2.85396,0.142827,-2.80847,2.45377,0.368664,
-0.109226,0.270852,0.364086,1.79861,-0.281398,1.26377,-1.33186,0.59549,0.281075,
-0.877743,-1.0975,0.159612,1.93393,-1.9857,0.103153,0.221473,-1.75234,0.344859,
-1.133,-0.535855,0.0259407,-1.93393,-0.41831,0.317392,0.0872524,0.686765,0.662557,
-1.67171,1.32818,0.301218,2.0632,-1.98532,0.455641,0.818781,-0.803735,0.365307,
1.46718,1.03288,0.316172,2.84893,-1.6672,0.145268,-2.91742,-0.325501,0.0225837,
1.76327,1.3951,0.0921659,-1.27454,-0.202588,0.764794,1.30787,-2.23748,0.548112,
2.63359,-2.62789,0.144963,-2.33677,1.29156,0.734581,0.625782,-1.0789,0.460524,
-0.788202,2.04611,0.0613422,-0.00558489,-0.941222,0.0769066,-1.19782,-0.420228,0.841395,
-1.8334,2.38896,0.162358,0.834346,-0.972861,0.0061037,1.3216,3.02558,0.0317392,
-2.2747,1.13719,0.170904,2.97674,-0.0819746,0.603961,1.28059,0.631923,0.0173956,
2.54039,-0.259922,0.396741,-2.22947,1.1951,0.495315,1.50636,-2.71897,0.784631,
2.64074,2.12242,0.137638,1.03815,-1.56845,0.0308237,-0.955748,2.44783,0.105289,
-2.04764,-1.60929,0.278939,-1.93136,2.25588,0.0711081,1.40327,-1.1974,0.0824,
2.26078,-0.237487,0.383923,-1.18793,-2.73086,0.203864,-1.81985,1.34026,0.186773,
-0.139622,-2.40794,0.0473037,-1.60488,-0.462605,0.562761,0.0143742,1.54601,0.0128178,
0.178442,-0.239404,0.322886,-1.58766,-1.01965,0.322581,-2.78649,3.0833,0.518509,
2.07474,2.37477,0.163579,-2.32524,-2.25569,0.518509,2.93811,1.16826,0.0515763,
-1.31208,-0.0440074,0.559404,2.33952,2.95041,0.36317,-1.39265,1.44745,0.134281,
-1.15699,0.320132,0.00183111,-2.22214,1.58628,0.220344,1.71072,-1.11342,1.01566,
1.0376,0.00508147,1.98614,1.93246,0.10882,0.85757,2.18772,-1.66413,0.233161,
1.12641,2.78225,0.0753807,1.24671,-1.44093,0.498672,-0.401105,-1.58916,0.345775,
-1.44429,-1.87794,0.142521,1.44246,-1.12626,0.373241,1.87844,-1.16538,0.0909452,
-1.08631,-0.856659,0.274361,0.734733,0.869698,0.07416,1.13996,0.955028,1.01749,
1.55782,-2.7439,0.103763,-0.0784631,2.68848,0.22248,2.40526,-2.89711,0.253914,
-1.36225,0.501723,0.437025,2.28532,-2.91494,0.11536,2.63451,0.394916,0.675069,
-2.60906,-1.61006,0.225837,-1.46699,1.9416,0.104068,-0.212867,-0.0323105,0.224616,
0.301859,-0.384562,0.584429,0.409345,1.63614,0.364696,-2.40397,-0.684272,1.13254,
-2.19834,-2.57995,0.104678,1.10572,-0.346019,0.371105,-0.135228,-0.0775643,0.176397,
-1.35786,-0.0397888,0.23835,-0.801752,0.183796,0.000915555,0.70159,-0.28159,0.435804,
0.120579,-2.67218,0.119327,0.796258,-1.47276,0.0399792,-2.94269,-0.416201,0.29725,
0.129917,-1.31073,0.17243,1.15699,1.4532,0.469375,-0.436079,2.77822,0.152898,
2.66655,-0.494628,0.608539,-0.730522,2.37094,0.474868,2.83081,-2.61753,0.281991,
1.72756,1.03077,0.286264,-0.95941,0.232693,0.108341,0.121494,-1.09367,0.277413,
-0.208289,1.16538,0.260933,-0.0336009,0.867205,0.0439467,1.10901,-1.31552,0.745567,
-1.30915,-1.34045,0.0787378,-0.717154,2.65703,0.0820948,-2.78448,-1.02195,0.71749,
-2.04526,1.07775,0.121769,1.57485,-0.141802,0.870998,0.232826,-1.83345,0.263985,
2.80187,0.0973149,0.225837,-2.57903,0.880628,0.336924,-1.09473,-1.58379,0.849635,
-0.307718,0.10115,1.22318,0.896786,-1.77497,0.0405896,2.1326,-2.39433,0.234382,
-1.41627,-3.03555,0.106815,-2.2758,-0.195684,0.319529,-2.4373,-0.416776,0.0140385,
2.67626,-2.04591,0.00335704,0.273843,1.07909,0.128483,-1.10974,-0.124544,1.24729,
-2.33714,-1.16826,0.13245,-1.69314,0.0119846,0.438246,-0.160314,1.92223,0.852077,
0.134495,-2.07813,0.145878,2.961,-0.662604,0.312204,0.2537,-0.482931,0.0683615,
-0.991272,2.24438,0.0613422,0.364299,2.78397,0.0708029,0.80578,-0.396642,0.502945,
-0.729057,-1.95924,0.176397,-0.954283,1.09213,0.534989,-0.481857,-0.723198,0.592364,
-1.40162,1.75215,0.242622,-0.844783,-0.737196,0.0228889,-1.50838,-2.08465,0.115055,
1.05225,0.0125599,1.43132,-1.66054,-0.802584,0.574053,-1.77316,2.25109,0.0415052,
2.36515,0.174592,0.309153,0.776299,-2.82213,0.142521,-1.16944,1.8555,0.193793,
2.6314,-0.975929,0.336314,-0.90228,-0.38878,0.0814844,-0.258461,-2.27736,0.0482192,
-0.61388,0.46203,0.133061,-0.256081,-1.01351,0.441603,-0.541734,1.72799,0.700705,
1.27326,-2.88234,0.136723,-1.00519,2.03518,0.387585,1.37141,2.83057,0.277108,
0.83929,0.0183125,1.89917,-1.58748,-0.161552,0.470901,1.28205,-1.26471,0.701926,
0.568468,-2.27046,0.135807,-0.743889,-1.22463,0.346995,-2.41533,-1.58398,0.00701926,
2.72167,0.0520611,0.125431,1.30091,-1.34352,0.31251,-0.372539,1.80948,0.410169,
-0.893307,0.00182166,2.7958,1.77664,0.498655,0.431227,-1.35054,-3.02673,0.47792,
-1.37507,0.240938,0.0479141,2.45561,-0.303642,0.547502,-2.62902,0.437869,0.249336,
-1.18592,-1.3278,0.176092,-1.89364,2.32913,0.0930815,-1.6252,-0.135666,0.565508,
-0.809259,2.84879,0.0579852,-2.11008,-2.72127,0.360424,-2.01413,0.258004,0.202948,
-0.651051,2.13853,0.237434,-1.04108,-2.94773,0.657064,-2.64275,0.976696,0.180059,
1.12238,-1.0348,0.228278,2.94433,1.34429,0.0885037,-1.83193,0.204122,0.12421,
0.489547,-1.39223,0.223395,-0.72869,1.70958,0.267953,2.9491,-1.21466,0.45381,
-2.25089,0.032694,0.608234,1.44557,2.19184,0.136113,1.52486,-1.72147,0.363781,
0.468123,-1.26586,0.288705,-0.764214,0.665289,0.0677511,-1.08045,2.38244,0.661336,
-2.62023,-1.24132,0.204474,1.4474,2.58167,0.365001,-0.812006,2.75444,0.228584,
2.41459,-0.125694,0.270699,-1.61184,0.168455,0.810877,-2.40104,-0.0727704,0.189825,
-0.762383,1.80603,0.141911,-0.944945,0.461263,0.0817896,-0.0204169,0.800091,0.24781,
0.118198,-0.109204,1.08188,1.58437,-0.178427,0.0457778,2.37175,2.41753,0.408338,
0.0178533,2.1648,0.105289,1.93686,-1.20603,0.272835,-2.86889,-2.83057,0.275887,
-1.30146,0.0530198,0.547502,-0.385174,1.07775,0.108646,1.82479,0.870273,0.491043,
0.497421,-1.14812,0.182501,1.98831,-1.51802,0.339976,-2.58177,1.74045,0.0640889,
0.951537,0.0392136,1.22166,1.50197,-2.63977,0.23011,-1.93796,2.69136,0.43672,
0.754509,-2.88368,0.00244148,1.76363,-2.89519,0.0381481,1.61879,1.31303,0.314035,
1.05243,0.15369,0.714743,-1.43751,-0.846879,0.51088,-0.316507,-2.9299,0.410169,
-1.69259,-0.215051,0.209662,-2.08884,1.82827,0.141606,1.29414,0.756563,0.10773,
-1.0116,-1.91533,0.220954,2.30271,3.01465,0.232246,-1.35054,1.53623,0.499893,
0.436811,-2.12971,0.0543229,-0.377117,-0.816582,0.196539,1.97385,-1.14678,0.298166,
1.4994,0.349854,0.0662252,2.93921,1.3138,0.129398,1.8713,-0.0117928,0.473037,
-1.13666,1.45224,0.301218,2.42174,-2.42616,0.647603,1.4745,1.66701,0.285348,
0.265053,-0.0698941,0.662557,-1.1286,0.0275166,0.504166,1.84146,0.36692,1.27354,
-0.494675,0.122818,0.117191,-0.647206,-0.467016,0.641499,0.851375,1.87046,0.574053,
-0.545763,0.148321,0.84109,-0.831782,-2.26777,0.200812,-2.35673,-2.90554,0.244453,
0.299295,-0.655317,0.0589007,1.29688,0.0698941,2.04108,1.9581,0.319557,0.193487,
0.448897,-2.4135,0.126041,-2.77587,-0.0401723,0.0750755,2.37358,-1.8277,0.339366,
-0.46556,0.920321,0.405591,0.449995,0.471042,0.0497452,-1.76455,-1.33221,0.139775,
2.80352,1.93566,0.0833155,1.74935,-2.30651,0.0619526,-1.29798,-0.0553209,0.529801,
-0.350932,-1.76787,0.182806,-1.12989,0.616775,0.0772118,-2.01083,-0.268934,0.248726,
0.377667,1.83096,0.106815,-2.18168,-0.528377,0.854518,0.711661,1.23134,0.266427,
-0.722648,-2.76441,0.0338755,2.40123,-0.0904118,0.323801,0.550707,-0.076222,0.56856,
-0.85522,0.285042,0.462661,-2.95642,-1.50747,0.136418,2.75097,1.7742,0.110782,
1.34504,-0.117449,0.468764,-1.01508,0.388397,0.456252,-1.2718,-1.21428,0.298776,
-0.170568,-0.575164,0.312815,1.54976,0.645921,0.566729,-2.75463,0.792996,0.293893,
0.487899,-0.830197,0.134892,-2.69842,0.313038,1.29368,2.59807,-2.73488,0.334178,
-0.691702,2.61561,0.150151,0.229896,-1.19319,0.688498,1.63692,0.706707,0.62685,
-2.07181,1.38494,0.126347,0.348186,3.04993,0.23896,2.47667,2.09999,0.0250252,
1.19489,0.500764,0.0552385,-1.66713,-0.00393095,1.57659,-0.59978,-0.251485,1.02054,
0.948241,-0.203738,0.47029,2.90954,0.254361,0.72512,-0.22953,-2.55483,0.344249,
-1.11322,2.09059,0.187078,0.947142,-0.685998,0.15656,2.06998,-1.76154,0.854518,
2.67278,0.162319,0.406201,1.26136,0.713802,0.0448622,0.0998871,-0.237295,0.693991,
-2.73522,-1.37535,0.0137333,-2.96594,0.765767,0.124516,-1.53731,-0.133748,0.727256,
2.8753,-0.874683,0.268868,-0.728507,-0.4697,0.245064,-0.745537,-1.41428,0.191351,
-0.179174,0.092521,0.275887,2.76397,-3.06873,0.129704,2.59423,1.53892,0.713828,
1.38386,-1.89999,0.256661,-2.96118,1.34084,0.112613,-1.42891,-0.769027,0.268868,
1.90335,0.576699,0.362255,-0.413556,-0.227324,0.0833155,-2.62114,-0.102876,0.176702,
-0.46025,-0.758864,0.456557,-1.67721,-0.985709,0.257271,-0.892575,-2.01121,0.0250252,
-1.35878,-0.638827,0.240486,2.65905,2.56192,0.158696,1.10077,-1.81006,0.110172,
2.38292,-0.529719,0.303049,0.488083,0.165387,0.489212,-0.283547,1.21351,0.166021,
-2.21921,0.229241,0.358898,-0.134129,0.294821,0.124821,0.148961,2.97208,0.358287,
0.308634,0.708817,0.174261,1.25202,-0.593189,0.454726,-1.16248,-0.84803,0.183111,
1.19178,0.0815911,0.460524,1.03375,-2.16288,0.0314341,2.48747,-1.39395,0.186163,
-0.359722,0.537581,0.380871,-1.40034,0.391465,0.1236,-1.1493,-3.09078,0.647908,
-2.31022,-0.0649085,0.134892,2.1207,0.215627,0.842921,0.431867,-0.317256,0.349132,
-2.05405,-2.66163,0.0585955,-0.434248,-1.69347,0.213019,-0.964354,2.81619,0.303049,
-0.363201,0.373632,0.473647,2.41624,-1.31111,0.267953,-1.07532,2.0346,0.0109867,
-1.8074,-1.50344,0.209967,-1.77535,2.23824,0.157476,0.173681,-0.0257908,1.29704,
-1.68618,0.409681,0.0851466,0.302225,2.23498,0.0805689,-1.4192,-2.46796,0.0335704,
-1.58675,-1.31974,0.0204474,0.557482,-2.64016,0.179754,2.85058,-0.728375,0.305795,
2.23295,1.97132,0.0735496,1.28791,-1.89366,0.185247,2.8515,1.00584,0.28016,
1.18574,-0.488684,0.265816,-1.04621,-1.55982,0.245369,-0.0621662,2.72089,0.201422,
0.02884,0.0913705,0.300302,-2.95624,0.195493,0.122684,0.916562,-1.54352,0.556658,
2.52757,-1.55924,0.26429,2.33549,1.78129,0.252998,2.45103,1.79644,0.137333,
2.10953,-2.24093,0.166936,-1.27931,2.49749,0.285958,0.404767,-1.95656,0.0805689,
-0.413923,0.162319,0.517289,2.99597,-1.81485,0.209052,2.57427,1.08331,0.992157,
0.779229,-0.133173,0.896329,-2.64623,-0.497696,0.00122074,-0.928831,-1.08197,0.252998,
-1.84732,0.14276,0.149846,-0.81109,-0.00738251,0.554521,-0.108676,-0.0171619,3.16691,
-0.665883,-0.111505,0.858791,-2.98004,-0.436143,0.158696,2.64953,1.7067,0.0454726,
-0.38847,-0.0114093,1.53172,1.31318,1.53201,0.610065,1.55361,1.50498,0.0592059,
2.59771,-2.76633,0.166936,-0.912351,0.658002,0.120548,2.81689,2.64955,0.0350963,
0.0779138,1.40527,0.33723,-2.35838,2.43882,0.0839259,-0.856685,-0.762316,0.201422,
0.164342,1.30479,0.167852,-1.18464,-3.04035,0.315256,-0.533128,1.96423,0.33723,
-1.32087,-0.868739,0.212714,-1.28736,-0.696353,0.158696,2.65612,-0.755221,0.0143437,
-1.43001,-1.64918,0.11597,1.30073,0.767493,0.343638,-0.960509,0.0940551,0.598468,
-1.68673,1.30306,0.396741,2.60393,-1.73815,0.00579852,0.279885,-1.04764,0.24781,
-0.788385,1.4091,0.440992,-0.623035,-0.0712364,0.147404,1.66402,1.33585,0.00824,
0.482955,-0.0119846,1.54637,-1.28077,-2.53028,0.121158,1.96396,-0.631732,0.397656,
1.0072,3.12146,0.0912503,1.63784,-1.98724,0.298471,-1.79403,-1.73182,0.472732,
1.47926,-2.10517,0.0521867,0.856319,-0.497121,0.179754,2.52886,-2.15291,0.185247,
1.80483,1.25512,0.27955,0.202979,-0.961931,0.0897244,2.63359,-1.63307,0.456557,
0.77868,-0.181878,0.91586,1.51991,2.06451,0.30488,1.88907,1.70498,0.333262,
-0.740043,-0.888298,0.308237,1.01489,1.644,0.45381,-1.44063,1.07181,0.21485,
0.970214,-2.13911,0.0228889,-2.36827,-0.11208,0.55269,-0.353313,2.00507,0.253304,
0.00723289,1.15196,0.0466933,1.64937,1.56615,0.0796533,-2.54021,1.04074,0.249641,
0.134495,0.275454,0.845363,-1.49757,-2.63977,0.374157,-2.72954,-1.71859,0.336009,
-2.53526,-1.25531,0.13184,2.90368,-0.109395,0.34669,2.35124,-1.21428,0.223395,
1.50472,1.30479,0.325327,-2.22599,-2.17918,0.594806,-2.12564,1.54831,0.41261,
-0.950255,-0.195493,0.572527,2.40452,-0.0794818,0.476699,2.35289,2.04131,0.00946074,
-1.36464,0.215051,0.363475,1.13758,1.18226,0.0662252,-2.7495,1.03921,0.0537126,
0.234657,-1.84668,0.104984,0.508408,-1.95809,0.329905,-2.22196,0.982641,0.00457778,
1.67244,2.97112,0.141301,-0.720267,-1.69079,0.805078,-2.51018,0.982832,0.136723,
-1.39979,-0.504791,0.352794,2.70428,-0.250909,0.376904,2.22013,0.191274,0.180059,
1.19507,0.384753,0.592975,-1.58565,-0.475069,0.146184,-0.928648,2.13661,0.241096,
0.480209,-1.57573,0.138859,1.71346,0.794147,0.772118,2.89233,-0.22579,0.237739,
1.52797,0.0835086,0.790124,2.12638,0.74199,0.356761,-1.6642,-2.2323,0.227973,
2.08701,0.923005,0.11536,2.03153,-0.158484,0.732749,1.07935,-0.730677,0.113529,
1.73324,-0.305559,0.137638,-1.86087,-2.94025,0.128788,-1.84658,2.2392,0.539262,
0.246925,-2.78397,0.00427259,0.88873,2.62789,0.246895,1.71969,-1.49347,0.346995,
0.903195,1.24726,0.226142,1.03723,-1.42137,0.578631,1.31904,2.30286,0.029603,
2.6585,0.709967,0.278024,-2.78228,-2.06471,0.26307,2.73486,-0.879861,0.437635,
1.69478,0.321666,0.140385,-2.00717,-2.82961,0.0613422,2.61583,-0.820417,0.384533,
1.25459,0.371331,0.300302,1.72958,1.87832,0.159307,1.81619,-2.67736,0.314341,
1.13446,2.53814,0.308847,-2.93664,-0.226365,0.0421155,2.69512,-2.41255,0.140385,
-1.48384,-1.81773,0.0689718,-1.6426,-0.701338,0.0943022,0.721915,-0.148513,0.0964385,
-2.82971,1.27296,0.267647,-1.06781,-1.83077,0.0476089,-0.421979,1.07737,0.269784,
-1.01215,-0.313805,0.386059,2.13645,2.5253,0.272225,-2.45616,-0.640936,0.354015,
-0.739494,-0.839592,0.28901,2.84893,-0.91802,0.150151,1.74184,-1.71514,0.134587,
-1.67446,1.07372,0.149541,0.516282,0.0480342,0.0375378,1.417,-0.838058,0.23011,
-1.74422,0.404504,0.273446,0.987243,-0.991461,0.390942,1.597,0.688683,0.712912,
-1.66164,-1.32588,0.108646,2.26041,-1.17459,0.173345,-2.87823,1.23576,0.136418,
0.363933,-2.3997,0.198981,1.76803,2.65109,0.0933866,-0.789666,2.14102,0.344554,
-2.65722,-0.0110258,0.353404,2.92126,0.0737292,0.952177,-0.112705,0.511311,0.0387585,
2.15915,-0.534321,0.385449,-2.80261,1.6254,0.424512,0.273843,-1.51341,0.896939,
2.67846,-0.465673,0.111087,-2.10807,1.02463,0.180059,1.32746,-0.502106,0.595721,
1.39247,-0.762699,0.0338755,1.68691,2.86489,0.143437,-1.38075,-2.0532,0.661336,
2.24833,-2.08618,0.140996,-2.87988,1.27526,0.516984,1.88559,0.600859,0.57741,
1.49904,1.29769,0.0585955,-0.448164,-1.64956,0.207526,-1.69259,2.29884,0.628376,
1.62062,1.62291,0.0802637,-0.232826,-0.258196,0.011597,-0.316507,-0.925498,0.180975,
1.54024,-0.0589642,0.145573,-0.0493484,1.4743,0.172124,0.192358,-1.81082,0.637532,
0.160863,-0.275454,0.553911,1.56789,0.856275,0.230415,-0.850093,1.71821,0.42024,
-1.59938,-0.14276,0.260323,-0.742424,-1.10651,0.226447,-1.85025,1.37286,0.47853,
-1.35896,-0.693476,0.559709,2.34794,1.55196,0.00579852,0.363567,-2.70056,0.168767,
-1.23572,0.0955891,0.502029,2.98608,0.339308,0.205084,1.31886,-1.1976,0.268258,
1.78085,-2.98186,0.134587,-0.130284,2.79567,0.179144,1.27052,-0.646305,0.243843,
-2.34281,0.020997,1.29734,0.508042,-0.342951,0.0241096,2.79601,0.0930963,0.200201,
-2.11411,-0.960205,0.119022,1.99655,0.692901,0.0234993,1.90481,-0.618693,0.511185,
-0.0605182,-2.01389,0.141911,0.588794,1.17631,0.823389,2.12766,-1.0649,0.282296,
-0.921323,-2.90018,0.0524918,-0.836177,2.35042,0.53621,-0.120029,-0.425597,0.0201422,
-0.42436,-0.863945,0.14771,-1.26301,0.0522528,0.0952177,1.03943,1.63077,0.295724,
2.08518,0.559441,0.108341,-0.508042,2.29654,0.0418104,-1.91708,-1.92204,0.664083,
-1.47157,-0.207765,0.573443,1.78799,2.90248,0.484939,-0.924619,-0.597216,0.0662252,
-0.554186,-0.847838,0.347301,0.743522,2.44745,0.106815,-0.948241,-0.519172,0.220344,
2.62371,-1.16538,0.0579852,2.69219,-2.43479,0.162664,0.00943022,1.94102,0.379345,
1.55086,-2.97112,0.202948,-0.562243,-0.865863,0.216071,-0.864193,-1.67736,0.077517,
2.29521,-0.770369,0.224006,-2.51512,-1.39338,0.0894192,-2.84857,-1.13566,0.0360118,
-1.3401,-0.316297,0.577105,1.02185,0.430582,0.266427,0.668447,-1.71303,0.261238,
1.0517,-0.0098753,1.67241,-2.37083,2.40699,0.0518815,-2.52812,0.682163,0.586261,
2.81854,-1.24227,0.151372,1.91195,2.26739,0.398267,-2.42814,-2.36384,0.371105,
2.89123,-0.764617,0.224006,-0.753594,0.699996,0.834376,-0.406232,0.935469,0.354015,
0.770989,-0.867205,0.300607,-1.28022,0.844195,0.393078,0.475448,2.49845,0.199591,
1.27271,-1.28082,0.301523,-1.17145,1.54582,0.427564,0.265786,0.653208,0.130924,
0.459151,-0.746976,0.357372,0.732719,-0.338349,0.229804,-1.49684,2.37976,0.0640889,
-1.79989,0.328378,0.0228889,2.80389,-2.38378,0.348521,-2.32615,-2.5717,0.0912503,
-1.28974,-0.14602,1.16367,-1.89767,0.829621,0.0930815,-1.85501,1.67161,0.00885037,
-0.800287,-0.0361455,1.23173,-0.309732,0.590888,0.213019,2.7766,0.132406,0.414441,
-0.235939,-0.857426,0.218818,-0.902097,1.54793,0.506302,-1.48952,-3.04744,0.00122074,
-1.10791,-0.659152,0.572832,-2.38639,-2.1044,0.0589007,-2.83245,2.71072,0.0317392,
-1.6155,3.08963,0.366832,-0.223121,-0.828663,0.00976592,2.13718,-2.33508,0.0103763,
0.625416,-2.55655,0.0805689,-0.605274,-0.152156,0.232246,2.80902,-2.4298,0.129093,
-2.30235,0.431158,0.143742,1.07038,2.85013,0.13184,0.705802,0.86663,0.269478,
-2.39171,-0.469892,0.175481,2.54167,0.205847,0.940275,0.793878,1.17248,0.0994903,
0.121677,1.04343,0.351268,2.72039,-1.33432,0.211798,-2.39225,-2.83057,0.471816,
-1.15259,2.82693,0.0448622,1.79348,-0.99683,0.361644,-1.87332,2.61964,0.0140385,
-0.733818,1.68101,0.149236,-1.53475,-0.154649,0.245979,-2.09909,-0.318023,0.37141,
-1.80721,-2.80775,0.105899,2.41514,-0.270852,0.345164,-1.28626,2.89461,0.0952177,
-0.0678426,-1.07315,0.361339,-0.650319,2.58474,0.481277,1.11689,1.37267,0.0848415,
0.17954,0.202012,0.485244,-1.87497,-0.4139,0.195929,2.03793,-0.0418981,1.61016,
0.0427564,-0.090987,0.481277,-2.60613,1.8904,0.206,-1.68325,-2.22693,0.0766015,
2.53874,-1.15138,0.130924,1.23591,0.25647,0.18067,2.84637,-0.373632,0.384533,
-0.937986,0.0896447,0.27253,2.3408,-2.08791,0.211188,-2.70995,1.67353,0.27253,
-0.797357,0.0837004,0.458083,-2.30216,0.981682,0.161138,1.77572,3.0344,0.277718,
-0.584399,-0.493861,0.120548,2.65795,0.686573,0.297555,0.72631,-0.273536,1.19999,
0.0934782,-2.15157,0.0412,-2.47374,0.907857,0.197455,2.11466,1.21485,0.109256,
-1.27161,0.99568,0.267342,0.0160222,1.73105,0.265816,-2.69842,-1.94198,0.0646992,
-1.53401,1.55598,0.0607318,2.77367,-1.32454,0.516068,-2.7246,-1.98206,0.0509659,
1.7195,-0.504024,0.534074,-1.5146,1.85608,0.144963,0.0557573,2.1951,0.135197,
-1.62905,0.104985,0.419324,-1.18848,-0.006999,0.255745,-0.313761,0.688683,0.339366,
-2.72771,-0.960014,0.119938,0.549059,1.74294,0.0863674,1.57228,-1.76787,0.241707,
-0.279885,-0.10882,1.18015,-0.208655,2.47563,0.0650044,0.253334,0.665097,0.31312,
2.82257,0.814473,0.0909452,-2.89489,-0.648798,0.0982696,0.152074,0.589354,0.0607318,
0.19364,-2.62827,0.147099,-2.45817,2.41197,0.100711,2.44334,-0.00508147,0.405591,
0.983398,-2.33815,0.145268,1.7488,2.081,0.570696,-0.152806,-2.85339,0.339671,
-0.134129,1.28063,0.0277718,-0.743706,-1.02003,0.322886,-1.56789,-2.12242,0.228889,
-1.30421,0.00604023,0.612812,-2.45231,-1.272,0.0231941,1.68142,1.13969,0.385144,
-1.48109,2.0858,0.0128178,2.9425,-0.698654,0.25483,-1.00775,-2.35368,0.177313,
2.29704,-0.0183125,0.264595,-1.17768,-0.439787,0.144963,-0.846431,0.429815,1.0181,
0.766778,-0.0511023,0.307932,-1.25019,0.397793,0.24659,2.96796,2.97266,0.204169,
-0.873714,-0.0743045,0.904569,1.42177,0.27833,0.609149,0.945494,-2.88483,0.327464,
1.09949,-0.747743,0.0824,-0.0491653,2.29155,0.169073,-2.86615,-1.28561,0.823695,
2.72094,-0.773054,0.299692,-2.34776,2.10344,0.427564,2.64916,-2.30363,0.239265,
-0.378582,1.64496,0.0622578,-0.727775,-2.17151,0.166021,1.53749,-0.77593,0.446791,
-2.0828,1.74774,0.404675,-1.21485,0.118216,0.0430311,-1.67776,1.20929,0.00762963,
1.82443,1.22118,0.0109867,-1.00171,0.159251,0.497147,1.05756,-1.96461,0.129398,
-1.3227,-1.48446,0.15595,-0.0597858,2.17995,0.251167,-0.144932,-0.175359,0.25483,
0.886898,0.154266,0.609149,0.586962,-2.4438,0.135807,-2.77532,-2.53009,0.461745,
-0.161779,-0.0992324,1.15848,-0.526353,2.43671,0.501419,-1.51845,1.58973,0.0158696,
0.368877,0.211408,0.303964,2.74786,-0.321666,0.751671,0.845515,2.41427,0.0793481,
-0.662221,1.59146,0.145573,-1.13868,-1.40795,0.470595,0.304239,0.774205,0.514847,
-0.986328,0.736621,0.259713,-0.964721,-0.751578,0.168157,-1.68215,0.618501,0.292367,
0.998413,-0.0012464,0.979034,-0.409162,-1.41063,0.182501,-2.77074,0.151389,0.578326,
0.330241,0.295971,0.899991,1.39009,-3.06182,0.00244148,1.19745,0.969218,0.167547,
2.77093,0.431733,0.481277,-2.74255,-1.51514,0.116581,-2.71856,-2.67966,0.569475,
0.324381,-2.85377,0.177923,2.65941,0.587245,0.111698,-1.74642,-2.54831,0.0695822,
-2.3441,-0.467399,0.213019,-2.01285,1.58398,0.132145,-0.411908,-1.5485,0.13947,
2.29649,-0.13509,0.292062,-1.29414,0.207381,0.374462,-0.629261,-0.997597,0.48677,
0.560228,0.065292,0.703757,-0.809992,-1.04304,0.37965,-2.4904,3.09308,0.509964,
1.11286,0.53202,0.203253,-1.06287,-2.77151,0.0335704,2.77093,-0.235569,0.779443,
-0.92114,1.24496,0.18128,2.59624,-2.72261,0.27131,0.430219,0.760015,0.430311,
-1.66952,1.99261,0.338755,2.66967,-1.14045,0.0598163,0.801752,2.11284,0.044557,
-0.633473,0.482356,0.09064,2.97729,-3.03958,0.113224,-0.829035,-1.26433,0.357677,
-2.64019,-0.273153,0.154424,1.2934,-2.40775,0.115055,1.3368,2.07295,0.0412,
0.427473,-0.0200382,1.28819,-1.18171,-2.00756,0.152898,0.64153,0.32205,0.38728,
0.481307,-1.47832,0.0997955,-0.618641,1.9533,0.1648,-2.74346,0.483698,0.077517,
1.38533,-0.782642,0.350047,0.682913,1.21083,0.46968,0.608753,-0.529911,0.514237,
2.23167,0.407764,0.0241096,-0.0973235,-2.33738,0.199286,-2.38585,-0.724924,0.365307,
-2.43675,-1.15714,0.0598163,-1.8984,-0.259538,0.528886,2.8927,0.932593,0.194708,
-0.710929,-1.74103,0.451064,0.444502,-0.649565,0.125736,-0.13303,2.83344,0.00671407,
2.67406,-2.36461,0.00762963,-0.474715,0.956946,0.448622,-0.475997,1.19836,0.139775,
-0.239051,2.51207,0.037843,0.284646,-0.150622,1.32389,2.84985,-2.52817,0.22248,
0.258095,-0.518405,0.233467,0.936522,-0.0484177,0.243538,-2.54991,-2.04093,0.397656,
1.89529,1.26701,0.0842311,1.51094,-0.868164,0.168462,-2.51769,2.21216,0.0515763,
-1.74239,0.298464,0.16541,-1.74386,-1.97343,0.26307,-0.660939,0.382644,0.162358,
0.350383,0.177276,0.0869778,-0.700674,-0.916294,0.303964,-2.29942,-0.84477,0.363475,
1.83688,-0.0104506,0.0903348,-0.0130924,-2.38436,0.29725,-0.979003,1.32703,0.0149541,
-0.371807,2.52606,0.135502,2.97711,-2.42674,0.134281,1.26502,-0.200478,0.32197,
0.187231,-0.00182166,3.28288,0.0660115,2.17132,0.290841,2.4633,-0.0685519,0.277108,
-2.96026,-1.58168,0.0732444,-0.888546,1.45627,0.149846,-0.563341,-0.110546,0.881985,
-1.53987,-2.87678,0.156865,-0.301309,-1.94639,0.19837,-0.956297,0.391081,0.0698874,
-2.19358,-0.920704,0.069277,0.391766,-0.114573,0.138859,2.42741,-1.40296,0.116886,
2.62279,0.135282,0.192877,-1.54115,0.0593477,1.28941,1.91726,-1.96116,0.00335704,
-2.68981,0.0142856,0.282601,0.529099,1.14275,0.193793,2.00443,-0.885613,0.250557,
-0.164892,0.961356,0.110782,1.87185,0.393766,0.140996,0.3502,1.2697,0.250252,
2.61657,1.53566,0.185247,-1.43806,-0.895584,0.530412,-2.15055,-0.367687,0.713828,
-1.57503,2.42463,0.248115,1.47468,-0.00623199,0.0231941,-1.98245,-1.65071,0.225837,
0.206641,-0.0175454,0.772729,-1.50032,0.249567,1.07852,-2.94873,-1.64208,0.0894192,
0.29783,1.12626,0.133671,9.15555e-05,-2.51513,0.411695,1.42048,-0.848221,0.106815,
0.407514,1.80335,0.0753807,0.896603,0.0146691,0.411084,-1.00262,0.822718,0.229804,
0.395795,-1.51322,0.192267,2.09122,0.923197,0.48677,2.91137,0.955795,0.162969,
-0.747002,-1.54333,0.0628681,-1.58071,0.83058,0.528275,2.20933,3.08081,0.184942,
-1.88907,3.10286,0.0683615,2.43693,-2.34467,0.0732444,-0.942015,-2.57765,0.331431,
-1.92203,-1.80584,0.113224,-2.35453,-1.34371,0.138249,0.26487,1.90287,0.0869778,
2.58489,0.879285,0.167852,-1.571,-0.477178,0.992157,0.162328,2.69001,0.379955,
0.0299387,-2.19586,0.0405896,0.388287,0.274879,0.490127,-0.4185,-0.482931,0.517899,
0.0623493,0.10882,0.651265,2.79272,-0.724349,0.120243,-1.57338,-0.327419,0.243538,
0.740043,0.243623,0.401624,0.370891,-2.43632,0.361339,-1.35218,2.01926,0.170598,
-1.39888,0.802584,0.204169,2.77587,0.854741,0.333872,-0.983581,-1.87775,0.145878,
1.25184,0.324543,0.365612,-0.337565,-0.471426,0.0738548,1.67299,-2.40794,0.208441,
2.5576,0.461838,0.260323,-2.56291,-0.270852,0.179754,2.01065,-0.237295,1.06754,
1.00922,-1.0674,0.146489,1.27985,0.44669,0.052797,0.443403,-2.68675,0.101627,
2.22086,0.770561,0.302744,-1.66018,1.01409,0.00335704,-0.539903,-1.61562,0.347911,
1.7521,2.43,0.154118,2.01303,2.65377,0.240486,-2.26939,0.948125,0.0451674,
1.77279,0.148705,0.158696,-2.75225,-0.876601,0.110477,-0.889645,0.644963,0.813929,
-1.04163,1.21102,0.0268563,1.55727,-1.95962,0.27192,2.81359,1.67353,0.0766015,
1.56331,-1.73431,0.0436415,1.06745,0.205272,0.84109,-0.854488,-0.446306,0.134892,
0.628712,0.100191,0.912503,-1.68288,-0.441512,0.408643,2.40983,-0.134707,0.451674,
0.394513,-0.075455,1.31474,0.991455,-2.59586,0.0677511,-0.405866,2.39069,0.193182,
0.436445,-0.0507188,0.945158,-1.77865,0.837291,0.519425,-1.56899,-2.17995,0.800806,
-0.653981,1.40181,0.0601215,0.989257,0.816582,0.166936,-1.86251,0.841318,0.250252,
-2.23258,2.08426,0.0820948,1.89383,-1.37804,0.299692,-0.419782,0.260114,0.0674459,
2.18809,0.769602,0.0103763,0.824091,1.43575,0.0711081,-0.850093,1.34333,0.0949126,
-0.643727,-0.843044,0.60152,1.66878,1.8555,0.0936918,1.40272,-0.189357,0.0589007,
0.137974,-0.350621,0.596026,0.900082,-0.957521,0.120243,1.53713,1.78225,0.0518815,
0.351299,-0.104985,1.02603,-1.51735,1.61332,0.463881,-1.33277,-2.42559,0.194708,
0.767693,1.25627,0.159307,-1.17878,1.50344,0.203253,-0.235572,0.903638,0.169683,
-1.34797,1.37037,0.27192,1.39302,0.547552,0.126347,0.390484,0.125886,0.211188,
0.888363,-0.654167,0.348216,-1.19892,2.946,0.349742,1.32618,-1.84457,0.292978,
-2.7918,-2.03709,0.0762963,0.282632,2.65665,0.161138,2.80224,-1.59874,0.450148,
1.33241,-0.866438,0.35371,-1.74459,1.15848,0.359813,2.09177,1.33336,0.0573748,
-0.107212,-2.44323,0.269784,-2.77074,1.42041,0.0521867,-2.29392,-0.022531,0.14069,
-1.2566,0.050527,0.420545,2.15238,1.37363,0.115055,0.64922,0.705365,0.571612,
-1.27711,-0.234035,0.199591,2.23807,2.5717,0.0613422,0.738762,2.98359,0.359813,
2.65117,1.93105,0.0061037,-2.601,-0.715336,0.116581,-0.161412,-1.25071,0.0268563,
1.90243,-1.15829,0.166021,-2.59697,1.40776,0.207526,1.5016,2.75559,0.357677,
1.46333,0.975162,0.0228889,-2.97418,0.0532116,0.450758,-2.70556,-0.553688,0.504166,
-1.47414,-1.33585,0.121464,0.388104,0.819458,0.51912,-2.60723,-1.33393,0.408338,
-2.89746,-0.450141,0.291147,0.0594195,-0.888873,0.194708,1.06397,-0.0127516,0.0466933,
-1.37269,0.197027,0.231941,-0.470138,-2.94255,0.0369274,0.158666,0.668548,0.288705,
0.814936,-0.526651,0.467849,2.85351,-3.01714,0.179144,-1.41975,-0.56155,0.0885037,
-0.321635,0.330104,0.112003,1.36372,0.206998,0.645772,1.16102,-0.467016,0.00732444,
-0.713858,-0.0215723,1.97668,1.9548,0.777273,0.536821,-1.91598,-0.726841,0.130924,
-1.59188,1.04918,0.212104,-1.41279,-1.01409,0.376904,1.05518,0.355607,0.244148,
-0.764763,0.0846591,0.750755,1.21375,0.560016,0.0933866,2.08591,0.075455,0.530717,
2.57976,1.57458,0.0543229,-0.738395,-0.035762,0.26307,0.235755,2.44879,0.21424,
1.35292,2.63977,0.0216681,-0.903928,-1.54601,0.237129,1.78982,-2.39471,0.361644,
-1.13007,-0.355415,0.485549,2.85333,-1.65531,0.205084,-0.666616,-0.887147,0.1648,
-2.99139,-0.539115,0.18189,2.47996,2.54428,0.0442518,1.0083,1.47928,0.241707,
1.22382,-0.462222,0.435804,2.32121,0.803351,0.274667,-2.06632,1.29232,0.0546281,
1.82717,1.43364,0.392468,-2.61382,-3.14159,0.0155644,0.285928,2.06624,0.117801,
0.986328,0.783217,0.543535,0.0418409,-0.603544,0.085757,0.766594,-3.06911,0.14771,
1.08008,-1.17363,0.0842311,-0.557299,-0.308244,0.212104,-0.353313,0.513995,0.811487,
-1.90371,-1.25742,0.277413,-2.88244,1.73968,0.288705,-2.78997,-1.69884,0.0836207,
0.0676595,-0.263949,0.0439467,0.539171,0.0426651,1.94494,2.6411,-0.607763,0.342723,
0.974059,2.28963,0.27253,1.99637,-1.69098,0.02472,-2.63762,-0.279864,0.0271615,
-0.0572222,1.16212,0.220649,-0.807062,-0.498271,0.491653,-2.21592,-0.390314,0.0314341,
1.07147,1.80795,0.213935,-2.89654,-1.26931,0.74221,-2.27854,1.05647,0.364391,
1.28938,1.09712,0.0112918,-1.36024,0.600092,0.305185,0.401654,1.84802,0.209052,
-2.59789,-0.286384,0.162664,0.445235,-0.482739,0.479446,2.63652,0.78686,0.141301,
0.506211,1.41332,0.277718,1.19452,-1.97669,0.0643941,2.16593,-0.809104,0.385144,
1.37196,-1.13413,0.210273,1.8605,-1.16653,0.305795,-2.01047,0.0131351,0.0222785,
0.358074,-2.93373,0.07416,-1.63015,0.949659,0.75045,-0.720817,-1.41811,0.484939,
2.9903,-2.08426,0.044557,-1.4388,-1.29692,0.119022,-1.55525,-0.726266,0.170293,
-2.69585,-0.0737292,0.113224,0.872066,0.0152444,0.479751,-0.727042,-2.95291,0.0601215,
-2.35179,1.20105,0.29725,2.729,-1.61351,0.282296,1.19141,-1.99069,0.273446,
1.4734,-0.975546,0.384228,-2.90313,1.93834,0.494095,0.537706,-1.06893,0.769677,
-0.11417,0.532595,0.20539,2.04251,-0.671233,0.159001,2.10587,-2.53373,0.240486,
0.519211,-0.0344197,0.377514,-1.36811,-0.120134,1.09104,2.94324,2.86355,0.0860622,
-1.31629,2.99701,0.0405896,-1.15113,0.239596,0.265206,1.26905,0.947741,0.155644,
0.727592,1.26778,0.105289,-0.0975066,-1.7928,0.228278,1.42579,-1.57612,0.255745,
-0.0160222,-0.402203,0.0903348,0.112156,0.725307,0.12299,0.410443,1.47967,0.011597,
-2.09397,-0.242089,0.384533,2.49974,0.326268,0.452895,-1.54903,-0.00872478,0.597858,
1.44282,1.11821,0.147099,-0.776849,-1.48944,0.316172,2.46513,0.935086,0.145573,
0.201697,-0.403737,0.141606,-0.000274667,0.957713,0.468764,1.58565,-2.88925,0.371715,
2.6021,1.04496,0.314035,-1.08704,0.583985,0.07416,0.692618,-2.82117,0.235603,
2.16337,2.71283,0.203864,-1.65413,0.462222,0.311289,-0.132481,-2.05665,0.021363,
-0.0178533,2.83881,0.0427259,-2.14267,1.25455,0.290536,1.73672,0.123969,0.227058,
0.784906,-2.39299,0.0665304,-0.0537431,-0.104218,0.110172,2.34098,-0.384945,0.19715,
2.2476,1.18398,0.0625629,0.250954,1.0486,0.00335704,0.975707,2.02367,0.0210578,
-1.02222,1.63671,0.02472,2.06522,0.640169,0.228889,0.30076,-0.125886,0.0888089,
-2.27653,0.259347,0.216376,-1.58657,-0.115723,0.210578,-1.51625,0.0177372,0.287179,
1.06671,0.106711,0.479141,0.658559,-2.76806,0.0744652,0.985595,0.0950138,0.277108,
-0.339396,0.326268,0.264901,-1.88028,0.0190795,0.184332,-2.92035,-2.51053,0.395215,
-2.18039,0.0842756,0.381787,2.43529,-1.54678,0.26429,1.50472,-0.150622,0.307321,
-1.79312,1.72377,0.0436415,2.53233,-0.150431,0.0195318,-2.79821,-2.57343,0.2472,
-2.51769,1.63518,0.236518,-0.657643,-2.37899,0.282907,1.36848,1.29731,0.199896,
-2.98407,-2.25608,0.117191,1.90445,2.02041,0.19776,2.22288,-1.57497,0.187994,
-2.93609,-0.0110258,0.0881985,2.88189,1.79874,0.171819,-0.313944,-2.65799,0.554216,
0.91821,0.00795777,0.559404,-2.2183,-2.62501,0.311289,-1.31135,-1.84841,0.0799585,
0.580004,-1.38034,0.028077,0.579272,1.80315,0.34669,-2.202,2.63057,0.0488296,
1.29267,3.05051,0.289315,-2.31187,-0.763658,0.156255,-0.93762,0.414475,0.037843,
1.0918,-0.150047,0.501114,-2.51402,-0.867397,0.0137333,-1.03705,-2.85972,0.249947,
-1.20405,-0.276604,0.624409,-0.928282,1.22693,0.338145,-0.594653,-3.10056,0.0408948,
0.771905,-0.989927,0.134281,-0.244362,0.360784,0.199591,1.01764,-1.98263,0.215461,
-1.77004,0.062224,0.253304,1.62044,-0.514379,0.609455,-1.98154,2.11494,0.414441,
2.2042,-0.330295,0.0750755,-1.60469,2.65876,0.0961333,-2.94287,0.188206,0.131535,
-2.20511,-0.606612,0.367138,2.99506,-0.484273,0.24659,1.09107,0.493286,0.179449,
-0.764031,-0.32646,0.464492,1.33497,2.80238,0.239875,0.204993,-1.24381,0.111087,
2.46147,2.48081,0.146489,2.5913,-0.89616,0.274361,-1.53859,-1.76998,0.180364,
0.428755,-1.45781,0.16541,-0.0821253,1.5115,0.571917,-2.04141,-1.11265,0.357067,
2.99963,-1.63844,0.0268563,1.91012,2.52837,0.100711,-1.5027,-0.52109,0.356761,
-2.17801,-1.55502,0.100711,-1.84713,-0.12416,0.170293,2.95294,-0.348512,0.514237,
2.18992,-2.91743,0.102542,-0.662587,0.332788,0.274667,0.623951,1.20757,0.209967,
0.195288,0.621761,0.411695,-0.723746,-2.50056,0.266121,0.375652,1.65435,0.219428,
1.59041,-0.798557,0.361644,-1.50343,0.0612652,0.00793481,-1.23005,2.26183,0.737632,
-1.12659,1.22483,0.0994903,0.100986,0.731444,0.289926,-0.349651,-0.641128,0.0817896,
0.908872,1.56116,0.223395,1.80337,-1.3625,0.335704,1.42799,0.671425,0.0653096,
2.9751,-2.32952,0.0125126,2.46989,-2.69251,0.0833155,-1.91635,0.122818,0.228584,
-0.427473,0.813322,0.0506607,1.09729,0.137775,0.276498,-2.87146,-1.45589,0.596637,
-1.02661,-0.248417,0.232551,1.66988,1.47756,0.418409,0.36082,-1.38494,0.303049,
-1.89309,-2.87889,0.128178,0.44322,1.00354,0.224006,1.75008,-1.52607,0.0552385,
-0.469955,0.257621,0.414136,-0.389569,0.997597,0.0564592,1.29139,-0.482931,0.274667,
-2.50761,-0.034995,0.10651,0.833796,-0.552921,0.521867,2.72643,-2.02635,0.251778,
-1.04547,-0.197794,0.559709,-0.892575,-0.14161,0.0766015,-0.863277,3.12165,0.0637837,
1.9971,-0.244198,0.101321,-1.36885,0.811021,0.242927,-1.46461,-0.906706,0.333567,
0.494858,1.00546,0.411084,2.29429,-0.451867,0.136723,1.77059,1.36097,0.137944,
-0.403485,1.38743,0.0927763,0.421064,-0.277563,0.524003,-2.24046,2.75617,0.193487,
-2.89251,-1.80296,0.0842311,2.92492,2.71974,0.149846,1.89621,-0.854933,0.87466,
1.67428,-1.18552,0.118717,-1.47743,-1.32051,0.19013,-0.290506,-0.650715,0.252083,
0.417768,0.55503,0.589618,0.0226142,1.8114,0.112308,1.88119,-0.684272,0.113529,
0.850459,0.491368,0.446486,-0.240883,-0.978422,0.797449,2.22507,0.0900282,0.0579852,
-0.467757,1.47851,0.169073,-0.600513,-0.684656,0.26307,1.24818,-2.14026,0.381176,
1.15699,1.84285,0.121769,0.39378,-0.239212,0.42024,-1.93319,0.584177,0.278939,
0.281533,-2.88925,0.18891,1.67354,1.22444,0.0509659,-0.228248,1.52473,0.04944,
-0.136692,0.299423,0.411695,-1.45216,0.498655,0.0802637,-2.28385,-0.839976,0.637837,
-0.347636,0.961931,0.306101,-0.266884,-1.63173,0.116581,2.44609,-1.086,0.32899,
0.252235,-1.31476,0.210883,-2.25272,1.62348,0.414747,-2.47685,-0.510544,0.567339,
1.05225,0.17229,0.325632,0.191992,2.46758,0.220954,-2.19779,-0.64899,0.226142,
-2.25694,2.38992,0.0405896,0.900082,0.442471,0.0567644,-1.21522,0.427898,0.0146489,
-0.434065,0.0658673,0.502335,0.112705,3.08963,0.110782,2.50414,2.94715,0.118107,
-0.450728,0.909391,0.239875,1.22767,2.52856,0.0564592,2.15604,0.302108,0.132145,
0.644093,3.10727,0.125126,-0.37785,-2.03134,0.718101,-2.50468,-0.965958,0.146184,
1.11249,1.41178,0.203558,-2.73266,-1.36653,0.037843,2.60649,-2.13911,0.323496,
-2.51329,0.647647,0.0824,-1.48585,0.14602,0.539567,2.23588,-0.87104,0.291452,
0.568468,0.878135,0.291452,-1.75832,-0.772095,0.307321,-1.48366,0.0779478,0.342112,
2.53325,-1.24534,0.261238,-2.89837,1.84016,0.0100711,2.55998,0.165004,0.172735,
-0.00558489,-0.873916,0.450148,1.0528,1.63729,0.0128178,-2.90991,0.589546,0.146489,
0.697012,-0.995872,0.22248,1.45857,1.82636,0.193182,1.28901,-0.0185042,0.0463881,
-1.74294,-1.69462,0.219428,1.36299,2.79433,0.713828,0.102084,1.33508,0.0119022,
0.570482,-1.10421,0.209967,-1.26612,2.36672,0.400403,2.80444,2.15157,0.17243,
-0.316141,2.10632,0.0491348,0.766228,-0.208915,0.183721,-2.4937,-0.365003,0.478835,
-0.501267,-0.110354,0.516373,0.391949,-1.30996,0.178228,0.0270089,-0.587245,0.375988,
0.91052,0.526843,0.134281,-1.0918,-1.18724,0.506912,2.1522,-1.22751,0.0506607,
-2.29392,0.277755,0.127873,1.87991,2.77017,0.27131,1.15754,-0.456853,0.130314,
-0.441572,0.358675,0.249336,0.129917,-0.68734,0.263375,2.5902,0.983408,0.243538,
-2.9425,2.49903,0.0570696,1.50526,0.939496,0.27253,1.46754,-1.09558,0.292978,
-2.93719,-1.34467,0.0149541,1.68673,0.0455414,1.04099,0.462447,-2.51628,0.123905,
-0.654347,1.57324,0.207221,1.78744,-1.26222,0.0567644,0.777764,2.53527,0.154424,
-0.0940275,0.560975,0.228584,0.643178,-1.20738,0.183416,-0.424543,-2.32856,0.50325,
0.691336,1.11668,0.216376,-1.82553,-2.16883,0.361034,-2.94726,-2.73469,0.0357067,
-0.0925626,2.90094,0.12299,-2.15732,-1.64841,0.357982,-1.39137,0.0188877,0.669271,
1.41462,-1.58072,0.17365,0.423627,-0.0729622,0.294504,2.65337,2.12223,0.247505,
2.85205,-0.448224,0.347911,-2.52483,0.462797,0.584429,0.878109,-0.531253,0.308847,
-2.88226,1.52933,0.00946074,-1.86398,-0.0100671,1.76672,-2.15146,-1.25225,0.0552385,
1.6968,0.197027,0.421766,-0.367595,-0.842469,0.223395,2.23899,2.87582,0.0180059,
2.93133,2.61101,0.172124,1.41261,3.12242,0.06592,2.80535,-0.0183125,0.243233,
0.0597858,0.0434322,1.10569,-0.903928,-0.105177,0.325022,0.164525,-2.3391,0.321665,
0.555284,1.07698,0.169073,0.12479,-2.96518,0.289621,-1.68398,-1.34697,0.25605,
-0.447615,1.21255,0.372326,-1.39155,-2.06701,0.170904,-1.26008,-2.45051,0.187078,
-1.10828,-1.34314,0.0305185,0.188147,1.29846,0.110782,1.64608,-0.299998,0.229194,
-1.86398,-0.541032,0.196539,2.01724,0.430199,0.756249,-1.83743,-2.09903,0.32899,
0.850093,0.235186,0.248726,-1.55452,-0.316489,0.768151,-0.215796,2.57343,0.108646,
0.555101,-0.181686,0.298166,1.88742,-0.349662,0.0289926,-1.29817,-2.0649,0.210273,
-0.132298,1.67027,0.256661,2.91961,-2.8275,0.187994,-2.14432,0.996447,0.143132,
-0.768609,-0.267208,0.637532,1.99911,1.43441,0.282601,2.31974,-0.668357,0.555742,
-0.195105,-0.122626,1.10721,1.24763,-0.215435,0.0469985,-2.58361,2.97975,0.307932,
-1.5157,1.84246,0.327464,2.45488,-1.15119,0.18067,0.224952,-0.494436,0.0769066,
0.594836,-0.0399806,0.888394,-0.0251778,-2.44649,0.184027,1.56185,-0.172099,0.212409,
-0.00357067,-0.442279,0.449232,1.87497,1.09731,0.777612,2.68725,-0.28811,0.207221,
-2.0795,0.419077,0.00244148,2.12784,1.88868,0.13123,2.94855,-0.581492,0.104984,
-1.09272,1.58513,0.251167,1.0755,-1.9044,0.100711,0.320719,-1.69673,0.144963,
0.295816,-0.0263661,0.370495,-1.50636,1.08216,0.279244,-1.93576,-1.25992,0.611591,
-0.122593,-0.10882,0.764794,-2.21134,-3.02098,0.120853,-2.26096,2.17535,0.31251,
-0.653066,-0.93988,0.119633,-1.97751,-0.113806,0.381481,2.0654,1.0114,0.270394,
2.21299,0.512845,0.0323496,-2.34849,-2.94677,0.0103763,-2.87274,-1.6114,0.0674459,
2.44517,-2.70267,0.0817896,-0.980102,-2.11916,0.249336,0.554186,-0.615049,0.143742,
0.296731,-1.07737,0.22309,-0.634571,1.75579,0.385144,1.58858,-1.05033,1.16367,
0.913083,-0.170565,0.145573,-1.23847,-0.0165867,0.0344859,2.48161,-2.79203,0.391552,
1.03375,1.05378,0.179144,-0.244545,0.973436,0.220649,-2.88849,-0.918787,0.179449,
2.48546,0.916677,0.317087,-0.652699,-0.10115,0.256661,-0.357524,-2.65569,0.187384,
-0.179174,-0.421762,0.328379,0.740226,0.725883,0.427259,2.79382,2.11629,0.433058,
0.294534,0.768452,0.320444,2.30821,1.07046,0.144047,-1.90078,1.01409,0.110782,
-0.653615,0.453976,0.0674459,-1.62355,-2.50344,0.0888089,1.70138,-1.4695,0.0949126,
1.06525,-1.23077,0.257881,0.382611,2.00277,0.13123,-0.874264,0.9487,0.207831,
1.77187,-0.450525,0.160833,0.708548,1.50153,0.268258,-0.490646,-0.883504,0.488296,
0.676321,-0.149472,0.900296,-2.47008,1.35809,0.384228,1.39961,-1.08427,0.181585,
0.111057,0.73873,0.145878,-0.0348827,-1.36174,0.133671,1.1319,-2.55713,0.085757,
-1.73177,0.395491,0.153508,1.53182,2.43728,0.00854518,2.55651,-0.194534,0.51912,
0.987976,-2.59126,0.0662252,-0.423627,2.45416,0.116276,0.337382,-0.408531,0.5356,
-0.325114,0.486766,0.246284,-0.304605,-0.00201341,0.0808741,-2.35984,0.817924,0.291757,
-2.19944,-0.720322,0.0195318,1.64937,2.31514,0.0845363,2.11887,-0.348895,0.36195,
-1.06287,-0.606996,0.126652,0.462264,-0.798557,0.218513,2.72954,-2.84706,0.0537126,
-0.834895,0.950618,0.105899,2.2617,-2.91341,0.09064,-2.64147,0.223489,1.2067,
0.967284,1.40852,0.199286,-1.70833,-1.43556,0.0564592,-2.36515,-0.855316,0.151982,
0.268899,-0.227515,0.127567,-0.279702,-0.926073,0.401013,-1.93741,0.644963,0.113834,
0.856319,3.02443,0.217292,-1.47212,-0.472768,0.146184,-1.05188,0.0906035,0.089114,
-0.213599,-0.610639,0.323801,0.56389,1.28312,0.505997,-1.23646,-1.41735,0.274056,
1.20533,1.19568,0.134587,-2.30088,-1.57535,0.462966,-2.961,1.6392,0.259407,
2.10825,1.0488,0.0997955,-1.69991,0.464523,0.149846,-1.08667,0.184179,0.215766,
-0.132847,-0.584944,0.41261,0.235389,-0.969793,0.152898,-1.3769,0.754837,0.0219733,
-1.10224,0.919362,0.140996,1.09455,-1.08887,0.533158,0.445784,-0.808912,0.134587,
1.54958,0.526076,0.353099,-1.50325,-0.998556,0.41261,2.90295,0.766918,0.242012,
-0.13303,-1.21907,0.251473,-0.536973,1.03346,0.568865,1.58327,-0.322433,1.01505,
0.406415,0.596257,0.137638,-1.29157,-1.23997,0.159001,-1.21613,0.144103,1.36143,
0.148961,0.283124,0.290536,0.909604,2.7322,0.0909452,-0.690237,2.19663,0.144353,
0.751213,-0.124927,0.422681,-2.5435,-3.0764,0.100406,-0.753044,-0.767493,0.166631,
0.874081,-0.106519,0.220344,0.757439,0.167688,0.567949,-2.03885,-2.48733,0.036317,
-0.869137,0.380918,0.678732,2.78173,-2.14831,0.269173,-1.36903,2.24572,0.163579,
-1.96854,0.00738251,0.174261,-0.182104,-2.6996,0.14893,0.512436,-1.69999,0.27192,
-1.02149,-0.190699,0.0317392,1.12238,2.19836,0.146184,-1.97128,-0.532979,0.389416,
0.274758,-0.139501,0.296945,-0.622669,0.201437,0.11536,0.794061,2.71245,0.303964,
-0.320902,0.0984654,0.584124,1.77737,-2.29634,0.146184,0.228614,-0.445539,0.140385,
0.140538,-0.077756,0.358592,-1.92386,0.323584,0.248421,-0.942381,-2.18589,0.00305185,
0.874447,-0.471809,0.167241,-1.54903,1.25129,0.266427,-2.07419,-1.16116,0.773034,
-0.131382,-0.157142,0.26368,1.97678,-1.26912,0.105289,1.584,0.589354,0.443739,
-0.349834,2.4484,0.0506607,-1.15332,2.33872,0.0308237,2.47667,-0.301341,0.0341807,
-1.81729,1.06874,0.0991852,1.77371,-1.39242,0.44496,-0.593554,2.96326,0.244453,
2.40892,-2.3393,0.140385,-0.684194,-0.00642374,0.0848415,1.98172,-2.35099,0.204474,
-0.262307,0.00028763,0.240791,-1.42341,-1.35944,0.0201422,-2.82714,-1.08197,0.168462,
-0.0685751,-1.36557,0.0936918,-0.645558,-0.732019,0.00885037,2.05789,-1.03691,0.0103763,
0.0451369,0.12742,0.563066,0.259011,2.16154,0.18128,1.10022,-0.802009,0.0866726,
2.14103,2.98033,0.0463881,-1.09638,-3.06777,0.0140385,-0.585314,2.01926,0.0292978,
-1.17566,1.82329,0.105899,0.961608,-1.65359,0.550859,-2.50414,1.09079,0.181585,
0.068392,-0.464714,0.0369274,-0.265603,0.596257,0.408643,0.3914,0.298081,0.0863674,
-0.405499,-2.69346,0.301523,2.56108,-1.77382,0.0170904,-0.705985,-0.410257,0.187078,
-0.0672933,0.125119,0.851161,-1.20112,1.67084,0.13184,2.43895,-2.47736,0.167852,
