10.6211 -1.39062 -0.61835 3.62749 -0.855675 
-22.476 -2.6074 0.301171 -9.15391 0.14044 
-28.4906 -3.81991 0.556359 -9.59894 0.883192 
-0.0173806 0.00634702 -0.0468008 -0.483776 -0.0135213 
15.0555 1.58016 0.437256 5.16638 1.15799 
-0.381885 -0.026255 -0.0335274 0.102717 -0.283364 
-22.1747 -0.45131 -0.199711 -9.27607 -1.05265 
0.08762 -0.00172839 -0.0149677 0.286457 0.164367 
-0.741445 -0.0326407 -0.447947 0.592389 -0.963028 
7.22772 0.0282405 0.186354 1.84208 0.584202 
-14.4804 -1.18402 0.257079 -5.42744 0.345886 
-0.49721 0.0840782 -0.162608 -0.967626 0.0665957 
10.985 0.380026 -0.205954 2.4369 -1.47509 
-0.00943958 0.000143071 -0.0344241 -0.106455 -0.428444 
-7.75141 0.483379 0.20266 -1.93143 0.529772 
0.710459 0.0916767 0.44799 0.928964 1.41576 
16.543 -1.16377 -0.264962 7.2696 -0.998389 
-3.01806 0.239174 0.211846 -3.37756 1.43526 
-0.350973 -0.060871 0.322743 -1.16048 0.90364 
1.19482 0.125819 0.429746 2.1797 1.50122 
-10.6568 0.203163 -0.192677 -2.84307 -0.887303 
-7.54385 -0.0724278 0.046535 -5.20825 -0.392677 
3.74924 -0.181398 -0.00658021 1.04317 1.22571 
13.1587 0.170305 0.281174 4.0767 0.970602 
-16.2716 -0.875586 0.151498 -9.11029 0.121931 
-2.2276 0.114009 0.0969969 -2.06105 0.956007 
0.706702 -0.141785 -0.359286 1.76578 -0.488228 
4.04331 0.130826 0.158413 3.34221 0.236222 
0.333018 -0.0191247 0.00489262 0.33229 0.456255 
-2.45345 0.0308846 0.224179 -0.294492 0.516552 
-3.99933 0.0774061 -0.387775 -3.42493 -1.15067 
0.792153 -0.00410466 0.184342 1.64861 0.780672 
15.8681 0.404312 0.105952 4.64755 0.431581 
0.986304 0.0665681 0.201381 0.849933 1.25589 
-1.74142 0.141768 -0.205274 -1.32073 -1.02737 
-6.31805 0.259699 0.0385838 -4.4887 0.692425 
-2.78067 -0.297222 -0.0794463 -1.68565 -0.963213 
2.18302 -0.100033 0.138335 1.70315 0.569358 
13.8747 0.987045 0.195567 6.1519 0.232837 
7.9876 -0.7467 -0.0858974 5.51695 0.56901 
-0.720618 -0.0353595 0.199749 -1.47935 0.75842 
4.24746 -0.189776 -0.406467 2.57861 -1.20601 
-4.08575 0.116349 -0.191183 -2.69051 -0.702909 
-2.53447 -0.0196167 0.273695 -2.09579 0.390653 
-0.0143579 0.0101858 -0.119758 -0.262211 0.00586331 
0.892696 0.0124091 0.200366 -0.30959 0.571523 
-3.13561 0.221229 -0.263022 -2.3926 -0.747095 
-1.566 -0.0508057 -0.0729214 -0.554502 -0.538637 
-3.98133 -0.25529 0.431687 -2.33582 0.794082 
4.65578 -0.383178 -0.0432679 4.54996 1.13135 
-8.56302 -0.285673 -0.287699 -5.54368 -1.31938 
-7.13293 0.239309 -0.215564 -4.17669 -0.917864 
-7.07322 0.0849769 0.157945 -4.44329 0.94652 
-2.59618 0.0822233 0.23702 -3.52825 1.16847 
-0.600994 0.049876 -0.180702 -1.08685 -0.43042 
-1.52351 -0.101753 0.245204 -2.0559 0.512906 
-4.79905 -0.0508581 -0.157426 -1.65321 -0.39936 
-4.11302 0.216658 0.100626 -3.4191 0.575274 
9.76752 -0.883938 -0.555949 4.66327 -1.51348 
0.250266 0.0189024 0.130181 0.907448 0.382604 
1.89791 -0.0925031 0.0623513 1.8213 0.308974 
-6.86139 -0.223172 0.215017 -5.91881 0.375323 
3.6335 0.0128777 -0.464917 -0.162005 -1.5864 
2.10117 0.264895 0.418737 2.4067 0.69602 
2.82668 0.0708006 -0.203628 1.08545 -0.38249 
-2.74467 -0.161185 0.28022 -3.88779 1.03027 
-1.00742 -0.0069734 -0.0429886 -1.92203 -0.381107 
-2.25084 -0.141921 0.260722 0.107981 -0.121523 
-1.88889 -0.041706 -0.280301 -2.2118 -1.23331 
0.889456 -0.000930385 0.150829 -0.43606 0.175465 
-1.50172 -0.0186349 -0.243736 -1.87207 -1.22829 
-4.40323 0.278708 -0.107094 -2.57528 -0.28935 
1.48999 0.0512682 0.105916 1.55817 0.890967 
-2.34704 0.214505 -0.261356 -2.66186 -0.645179 
2.17027 0.0903569 0.155064 1.85836 0.382062 
-1.72884 -0.145203 0.0374139 -1.94511 -0.190497 
-1.92356 0.056754 0.0304338 -0.91517 0.339143 
10.5268 -0.470312 -0.249713 4.42942 0.123815 
-3.34235 -0.0385379 0.320057 -1.74678 0.461804 
-1.7911 0.164334 -0.211747 -2.31732 -0.650742 
-1.38867 0.030108 0.167346 -1.31748 0.496978 
3.11703 0.198271 0.0288141 1.39846 -0.50388 
4.92837 0.324359 0.331979 3.38455 0.79726 
0.0637162 -0.0108576 -0.292768 0.159964 -0.628141 
1.52588 -0.181843 -0.450573 2.47602 -1.16206 
-0.052894 0.0570261 -0.44398 -0.989053 -1.5753 
-1.96713 -0.0280835 0.33891 -0.421169 0.635005 
1.44656 0.0288876 -0.361881 0.993223 -1.18747 
2.78035 0.112998 0.0229117 3.47055 -0.37837 
2.66207 -0.14664 -0.381218 2.94324 -1.17636 
-2.21438 0.0826089 -0.512704 -2.03294 -1.60716 
0.222422 0.00641265 -0.0684673 0.993474 -0.940666 
3.28065 -0.104548 -0.0158223 0.626213 0.226989 
-0.698955 0.0120058 -0.427869 0.598704 -1.58802 
-3.79759 -0.0392178 0.271763 -2.46181 0.713049 
0.58706 -0.109201 -0.411229 0.937235 -1.25567 
0.0338184 -0.00893943 0.0305887 -0.132503 -0.0999935 
-1.09782 0.0627979 0.136995 -2.0394 1.05023 
3.10308 -0.0802196 -0.0257078 0.864914 0.142154 
2.20394 -0.186168 -0.460455 1.79628 -1.63798 
-4.69063 0.0481226 -0.251901 -1.78018 -0.816125 
0.0366796 -0.0665528 0.0131651 2.09372 0.591741 
-0.653066 -0.0839831 0.140736 -0.341748 -0.0296551 
5.91518 -0.231933 -0.344135 3.58676 -1.40013 
-1.47586 0.111223 -0.18471 -2.70067 -0.177629 
0.127788 -0.0222119 -0.10095 0.058914 -0.513351 
-0.443272 -0.0509121 0.271715 -1.06772 0.801384 
2.45444 -0.180715 0.0370922 3.04528 0.567945 
1.30975 -0.0946631 -0.346736 2.15154 -1.44822 
3.84417 0.03415 0.319149 4.50491 1.5811 
-1.03077 0.0710774 0.209848 -1.90328 1.51885 
-2.98425 -0.180424 0.0371188 -3.71213 -0.0639192 
1.33144 -0.156535 -0.0846572 1.4085 0.64932 
-0.593379 -0.229133 0.323369 -1.76216 0.123603 
1.69866 -0.0932037 -0.314761 1.3421 -1.42387 
0.184177 0.0205974 0.21867 0.389973 0.393019 
-3.33827 -0.105019 0.528064 -1.57835 1.61138 
-1.1725 -0.0107123 -0.195663 -0.853876 -0.721905 
1.09489 0.119585 -0.0876172 2.05409 -1.28845 
-0.266746 -0.0297799 -0.23166 0.202954 -0.489925 
-1.38568 -0.0854629 0.187544 -2.36269 0.608224 
0.0726704 0.00234435 -0.0170825 -0.389041 0.256994 
2.25142 0.063752 0.188848 1.77971 0.808805 
-2.51207 -0.235937 0.131268 -2.04446 -0.408598 
-0.658926 0.0626275 -0.477886 -1.09233 -1.41525 
0.290872 -0.000469376 0.0565358 0.83379 0.323529 
-1.50659 -0.0945569 0.255249 -2.4503 1.15567 
-0.677268 -0.0231753 0.135925 -1.02779 0.290831 
2.49731 -0.140358 -0.398821 2.37508 -1.5051 
0.46396 -0.00493764 -0.141796 1.15286 -0.924445 
8.07799 0.3494 0.085267 4.2245 -0.237686 
0.925731 0.040756 0.418186 0.848365 1.52048 
-2.32883 -0.0776495 -0.111627 0.241051 -1.19154 
2.21031 -0.0166796 -0.463548 1.01783 -1.31341 
-2.42796 0.12486 -0.0255524 -1.31608 0.710604 
-1.44566 0.153371 -0.359092 -2.17746 -1.11088 
0.549645 0.0294923 -0.354237 -0.0328341 -1.07094 
1.8388 0.161586 0.266103 2.50975 0.809927 
1.29131 0.0772732 -0.106438 -1.25535 -0.322473 
0.439293 0.0637541 0.380775 0.852781 1.077 
-1.01848 0.0726036 0.285077 -0.376664 1.67399 
-1.64817 0.00382603 -0.0116114 -2.15734 -0.162851 
2.91398 -0.119406 -0.166869 2.68825 -0.60223 
-0.157734 -0.0040259 0.00390387 -0.642369 -0.431795 
-0.020174 0.000451123 0.0371543 -0.002209 0.138968 
-1.40989 -0.0563832 -0.145504 -2.50928 -0.977036 
1.39657 -0.167849 -0.250544 2.0909 -0.291964 
4.03306 -0.104952 -0.0467188 1.54263 0.805683 
0.1414 -0.0779434 -0.219549 1.70421 -0.135244 
0.601377 -0.0845488 -0.186075 1.09265 -0.156713 
-1.24742 0.0683173 -0.198016 -2.30989 -0.280918 
14.8375 -0.830004 0.270088 7.95775 1.60438 
-6.91121 0.0852712 0.035701 -1.92164 0.0239414 
1.83676 0.0379672 0.0106909 -0.0216646 0.379865 
-1.85294 -0.035289 0.127884 -2.78181 0.420997 
2.83528 0.0751259 -0.00699332 3.28393 -0.289321 
1.23715 -0.00675153 -0.134682 1.07957 -0.543963 
-4.03858 0.155773 -0.353612 -3.22824 -1.03457 
-1.42755 0.0328941 -0.28137 -1.51821 -1.05535 
-0.987337 0.04047 -0.205321 -0.466273 -0.0583256 
1.11251 -0.107725 -0.219561 0.841054 -0.204055 
-0.746228 0.074327 -0.10806 -1.56016 0.25899 
0.915249 0.0335161 -0.160993 0.870027 -1.06233 
-0.290856 0.0343436 -0.322595 -0.0750975 -0.881446 
2.13779 0.0323929 0.0643776 0.427089 0.601814 
0.0391959 -0.012466 0.229891 -0.107124 1.50793 
-1.68175 -0.096031 0.300115 -1.84447 0.9579 
-2.8541 -0.362216 0.403393 -3.77603 0.524733 
-4.45287 0.151542 -0.0952536 -2.79319 0.416709 
-1.21885 0.0180621 -0.0486083 -1.45977 -0.238437 
-1.34081 0.0539554 0.072893 -1.86583 0.779008 
-0.809609 0.0155337 -0.299252 -1.01399 -1.29573 
-0.392609 0.046693 -0.130736 -0.50226 0.282934 
-3.29908 -0.19156 0.0400727 -3.674 -0.445401 
-3.54118 -0.182731 0.0533902 -2.96081 -0.68102 
0.537238 -0.0855617 -0.30377 1.27136 -1.0922 
1.3827 -0.0521177 -0.082677 1.34335 -0.24545 
-0.582671 -0.0284004 0.108043 -1.26438 0.446037 
-4.10605 0.292353 -0.0678882 -3.53673 0.331785 
2.34361 0.0504528 -0.305295 1.85346 -0.993441 
1.87762 0.00880546 0.314554 2.98057 0.972887 
-1.79907 -0.00883564 0.304359 -0.125893 1.33739 
-0.428276 0.0237391 -0.114786 -1.23353 -0.0253594 
-1.91456 0.147216 -0.279525 -3.0509 -0.998121 
-0.614546 -0.00129519 -0.206332 -0.773652 -0.958928 
-1.69456 0.0466911 -0.209785 -1.53517 -0.50548 
-2.44309 0.126044 -0.203781 -2.23199 -0.153407 
-6.51902 -0.359481 0.337054 -2.49297 1.09148 
-0.82035 -0.0193233 0.11195 -1.70345 0.375888 
-2.26438 0.15755 -0.134164 -1.60453 0.437113 
1.34712 0.123962 0.0987044 2.26975 -0.0541671 
0.696243 -0.115858 -0.408025 1.5453 -1.18889 
0.567634 0.0626346 0.235806 1.17617 0.368837 
0.602056 0.0109578 -0.0643077 0.059285 -0.259055 
-2.2065 -0.110192 0.04993 -1.03746 0.532908 
-0.99112 0.0129135 -0.191469 -1.79206 -1.13441 
-1.52161 -0.0495359 -0.188572 -2.75086 -1.11701 
-1.43844 -0.0202967 0.101845 -1.9758 0.761024 
-1.32224 -0.129474 0.277653 -1.3449 0.789323 
1.47328 0.104651 0.209553 2.03926 0.497068 
2.16879 0.00617403 0.00913644 2.51849 0.142726 
0.752466 0.0108906 -0.321854 -0.139672 -1.28687 
1.96482 -0.161172 -0.460983 2.29228 -1.22338 
-0.795499 0.0442266 -0.178936 -1.5333 -0.880327 
5.57694 -0.0627869 0.0186816 4.51803 0.149212 
1.52622 0.0278563 0.308215 -0.210434 0.0698744 
0.219195 0.0389723 0.0781185 0.661455 -0.0749809 
-3.34659 -0.361346 0.104369 -3.7055 -0.401859 
0.205506 0.0190187 0.175898 0.90832 0.567113 
-0.603701 0.00229097 0.0940895 0.239296 0.676047 
-0.208394 -0.0343376 0.268676 0.284369 0.00736631 
0.225717 0.011827 0.0960489 0.738685 0.123143 
-0.583728 0.0441119 0.00815671 -0.620643 0.747594 
-1.00011 0.0533551 -0.208874 -1.40125 -0.992953 
-0.718799 0.030087 -0.22344 -1.15185 -0.845161 
-1.64218 -0.0864328 0.144827 -2.14497 0.426122 
-1.14404 -0.0707216 -0.0485711 -1.77425 -0.96518 
3.58073 -0.0377301 -0.0394912 2.96214 -0.542685 
1.60556 -0.146727 -0.202599 2.07519 -0.528231 
0.33801 -0.0109451 0.0358293 0.141825 -0.0899456 
-2.6166 0.0214042 -0.203955 -3.23918 -0.995726 
0.868459 -0.0344727 0.153445 0.796669 0.533286 
0.0726492 -0.00397693 -0.106784 0.418589 -0.665986 
0.669168 0.0789117 0.191756 1.14269 -0.0205191 
-2.22158 0.0999073 -0.395675 -2.51944 -1.51269 
-0.684281 -0.0180425 -0.0483577 -0.42354 -0.630708 
-2.39673 0.156388 -0.277423 -1.42246 -0.423291 
1.83748 0.0295454 0.124857 2.22191 0.828523 
-0.610559 -0.0216902 -0.195213 -0.479299 -0.964293 
1.51555 0.0366288 -0.123443 2.71222 -0.598405 
-1.47475 0.173091 -0.488778 -2.69216 -1.22095 
-1.09835 0.121107 -0.372469 -1.25894 -1.12992 
-0.436484 0.0190951 -0.0127419 -0.99529 0.143497 
0.364494 -0.00990685 -0.0160874 0.59114 0.100345 
0.262955 -0.0268507 -0.156015 0.561392 -0.0120515 
1.22054 -0.0231963 -0.198061 0.181711 -0.883224 
-0.59243 0.027726 0.443233 1.34963 1.18954 
0.852775 -0.0645405 -0.437034 1.45718 -1.66583 
0.647807 -0.010412 -0.164237 0.334264 -0.766744 
0.331685 -0.00553244 0.260548 -0.448913 0.366239 
1.10192 -0.0551921 -0.329226 1.96316 -1.51355 
-2.07465 -0.0159691 0.127718 -1.4569 1.02328 
0.751731 -0.0649432 -0.217007 1.88658 -0.734191 
0.980837 -0.0464419 -0.100522 0.801015 -0.0433241 
0.388719 0.00123495 -0.114561 0.480447 -0.624256 
0.351227 0.0110887 0.479034 0.0514317 1.52699 
2.7964 0.0126744 -0.0164019 2.51468 0.0960228 
-0.7116 -0.0122387 -0.13366 -1.05863 -0.86357 
1.20745 -0.130742 -0.294247 2.34331 -0.890298 
0.631043 -0.0182068 0.052166 1.08199 0.748148 
0.59703 0.0123949 -0.149253 0.565814 -0.811903 
-0.973089 -0.0457117 0.142311 -0.491161 0.503692 
-1.28307 0.0826484 -0.122576 -2.34074 -0.217228 
0.489279 -0.0134862 -0.105308 0.544824 -0.124445 
0.509564 0.0158408 -0.0698888 0.615422 -0.624827 
2.22199 -0.0767017 -0.0848342 2.96199 -0.0475431 
0.15575 0.00288784 0.0613364 0.50949 0.124217 
-0.545373 0.0826737 0.626196 0.0659012 1.68078 
-0.539549 0.0451039 -0.0594391 -1.37194 0.33237 
1.2154 -0.146123 -0.632698 1.93271 -2.17197 
1.19616 0.0314266 0.0791079 1.61642 0.185453 
-0.515856 -0.0220796 -0.102517 -0.358712 -0.733697 
-5.58745 -0.0771386 0.125819 -3.30192 0.0167992 
5.9285 -0.0562321 -0.207567 2.70782 -1.25857 
-0.712987 0.0343059 0.151418 -1.83638 1.23129 
-1.78306 -0.420993 0.703447 -2.77464 1.076 
-0.893387 -0.019032 0.144133 -1.66187 0.590771 
0.540365 -0.00215064 0.484279 0.450483 1.62084 
-1.75933 0.0523411 -0.213389 -1.68257 -1.0321 
-0.532052 0.0152471 -0.00872669 -0.569187 0.209036 
-0.611001 -0.064546 0.147605 -1.50049 -0.0606068 
-2.74702 0.000167326 0.371353 -3.87292 1.71307 
0.730757 0.0859155 0.0702684 1.78999 -0.399423 
-0.191171 0.0252708 -0.156204 -0.386542 0.434426 
-2.2304 0.0253436 0.0166562 -1.67792 0.471225 
-0.613876 0.0730686 -0.0628047 -1.52698 0.453476 
0.969681 0.0380624 0.130826 0.0766596 0.216674 
1.17833 -0.0038029 0.379608 1.34435 1.15715 
-1.57896 -0.215219 0.467522 -2.55738 1.19621 
-1.03868 0.0117843 -0.156372 -0.665884 -0.647091 
1.82466 -0.106688 -0.124616 2.811 -0.084887 
-0.850779 -0.00107732 -0.200286 -1.45246 -0.935995 
0.386004 -0.0336886 -0.210524 0.287949 -0.573631 
-0.393862 0.00854453 -0.0922652 -0.187512 -0.0450549 
3.48353 0.0611828 -0.00747999 3.17259 -0.107903 
0.530356 0.0279663 0.219158 0.0129407 1.08042 
-0.62211 0.0367599 -0.266856 -0.526573 -1.12477 
-0.880235 0.120381 -0.284185 -1.7304 -0.748264 
1.37811 0.0106382 0.00851333 0.502537 -0.0097769 
-0.621772 0.0348249 -0.0238594 -1.0566 0.295529 
1.21689 0.017215 -0.199315 -0.0799072 -0.909973 
-0.0721888 -0.0018807 0.125084 -0.0991976 0.757769 
1.21899 0.0281992 -0.0558776 1.61311 -0.79621 
2.09039 0.173369 0.46869 2.19082 1.57682 
-0.491638 0.0730079 -0.465414 -0.784633 -1.31617 
-0.0328721 0.167356 -0.211794 -2.33703 -0.295545 
0.691131 0.00374007 0.0411114 0.378684 0.135909 
0.785589 0.0412872 0.0328722 1.21682 -0.225357 
2.25559 -0.178705 -0.222537 2.91265 -0.0457333 
-0.280241 0.0381439 -0.346661 -0.672016 -0.847463 
-0.635191 -0.0434825 -0.0592944 0.422145 -0.968289 
-3.00345 0.081453 -0.119724 -1.98158 -0.0857644 
3.74722 0.0704943 -0.236163 4.67542 -0.914534 
0.405499 0.126386 -0.377376 -2.16098 -1.23427 
-1.13022 -0.00789428 0.0382429 -0.62805 0.238986 
0.303908 -0.00451495 -0.0567811 0.627661 -0.0907332 
-0.0268793 0.0020091 0.000784944 -0.559663 0.588811 
-1.12659 0.0637273 0.00922187 -1.84124 0.672341 
-0.329839 -0.0430017 0.0222407 -0.954269 -0.840825 
-1.68507 0.0777252 -0.30798 -2.59591 -0.98048 
-0.816276 -0.045777 0.148749 -1.10723 0.200369 
0.0681249 -0.00305345 -0.113163 0.19773 -0.521218 
-4.26033 -0.0616538 -0.0374034 -3.09228 -0.499227 
-0.735195 0.0561165 -0.264858 -1.91907 -1.03737 
-0.736457 0.0728133 -0.198313 -1.3619 -0.580489 
-0.657705 -0.00139775 -0.0258056 -1.40817 -0.241593 
0.303796 0.0424621 0.272986 0.539023 0.376379 
0.439416 -0.0370825 -0.00110947 0.886512 0.792437 
2.40763 -0.0693395 -0.0227228 2.13001 0.348297 
-0.465861 0.0237214 -0.155179 -0.909321 -0.461685 
0.378741 0.060476 0.0602956 -0.805308 1.12856 
-0.334491 0.0750792 -0.455932 -1.11345 -1.31832 
0.681983 0.00578145 0.0705919 1.26191 0.570971 
-0.33095 0.0151203 -0.119844 -0.889233 -0.588036 
-1.75814 -0.265806 0.162557 -1.62104 0.0840628 
-6.15404 -0.217407 0.0312902 -3.69731 -0.102591 
0.427199 -0.0260271 -0.177579 0.992329 -0.647528 
-3.86318 0.115318 0.0363043 -4.68838 0.169723 
-0.112048 -0.0190294 0.227426 -0.791307 0.971795 
-0.731729 0.112022 -0.319369 -1.29944 -0.273874 
0.363798 0.080541 0.485422 0.691126 1.07851 
-0.32726 -0.0317057 0.269822 -1.46172 1.45308 
-1.81224 0.0948769 -0.0182263 -1.07041 0.710086 
4.24362 -0.150495 -0.0201171 2.84947 0.0343515 
2.32776 -0.234794 -0.434126 3.26245 -1.28369 
-0.0459903 0.000731846 -0.0309527 -0.00221044 0.0339507 
-0.685812 0.0405205 -0.496182 -0.958454 -1.06284 
-0.219423 -0.00363439 -0.0352231 -0.929922 -0.629101 
-0.301208 0.00582845 0.0884697 -1.91716 0.548558 
-1.09577 -0.00250164 0.0899149 -1.61484 0.381162 
-0.424654 -0.00828711 0.00209472 -0.863243 -0.590085 
-1.59386 -0.209045 0.0481482 -2.80677 -0.618825 
2.04315 -0.0936006 -0.248234 2.45862 -0.494581 
-0.954126 -0.00836291 -0.0614186 -1.05168 -0.55527 
-2.48619 -0.330936 0.180719 -3.04392 0.220701 
-0.935125 0.0396576 0.0567206 -1.59211 0.524378 
-0.700868 0.0679759 -0.247168 -0.701275 -0.372856 
0.296299 0.0194417 0.0866348 0.570917 0.0366779 
0.265727 0.0284173 0.207288 0.126264 -0.114153 
-0.0920717 0.0129538 -0.285903 -0.0226313 -0.34068 
-0.865702 -0.00118604 0.112486 -0.961076 0.214889 
0.0409073 0.000195197 0.0341366 -0.151278 0.435805 
0.413115 -0.0181887 0.0800901 0.49596 0.494433 
0.568837 -0.00974623 -0.209395 0.516664 -0.569908 
-0.41181 -0.0125084 0.00367468 0.0204439 -0.341939 
-0.643888 0.00592317 0.139135 -0.674356 0.277608 
-0.474919 0.00103511 0.0290325 -0.23421 -0.141339 
0.1781 0.00833794 0.121235 0.650068 0.643741 
2.79594 0.0312568 0.275751 1.94484 1.44889 
-0.162055 -0.0272803 0.310602 -0.850584 1.55136 
0.58493 -0.04424 -0.121591 0.995621 -0.159077 
0.87814 0.0117365 0.106244 2.30491 0.537272 
0.265383 -0.00279822 0.0506287 0.139309 -0.197219 
-2.9737 0.175266 -0.175342 -2.69734 -0.0708099 
-0.843142 -0.00346225 -0.0857328 -2.00478 -0.397999 
-0.633614 -0.139895 0.437808 -1.76924 1.19167 
-2.34472 -0.117032 -0.0123231 -2.2371 -0.320251 
-1.17805 0.146382 -0.252114 -1.93443 -0.411339 
-1.07206 0.0594441 0.00978358 -1.80342 0.292482 
0.948877 0.0332816 0.0483357 1.77989 0.13924 
3.32605 0.0266039 -0.40793 1.78477 -1.55795 
-0.0606297 -0.00647065 0.11586 0.050082 -0.609712 
1.41218 0.0645735 0.220924 2.23527 0.712106 
-0.583136 -0.0929626 0.469696 -0.892505 0.679992 
0.624551 -0.0136657 -0.132837 0.746332 -0.758359 
-1.26287 -0.0804244 0.0374222 -2.20262 -0.18283 
0.789008 0.0399961 0.195089 1.7523 0.870152 
-0.287632 0.0468491 -0.309006 -0.700136 -0.682525 
-0.320255 0.0147678 -0.0550634 -1.18068 -0.110405 
0.932465 -0.0348903 0.0968494 0.529138 1.01879 
-0.559018 -0.0400546 0.233013 -1.62326 0.710448 
0.765399 -0.105673 -0.116114 1.48444 0.349665 
-1.30699 -0.0373629 0.188981 -1.32776 0.936731 
-0.297566 0.0349387 -0.0567324 -0.0455576 0.599264 
-0.463987 0.0258852 -0.102005 -1.14595 -0.0503978 
-3.07058 -0.428285 0.299151 -3.48456 -0.0711072 
-0.0458515 -0.00591261 0.145116 0.0074708 0.337367 
0.143664 0.0471902 0.313889 0.827325 0.799792 
-0.523641 -0.018698 0.255665 -0.799435 1.14847 
1.24306 0.109084 0.370615 2.08063 1.4933 
-1.42533 -0.026754 0.447905 -0.467983 1.11106 
-0.123914 -0.065925 0.280516 -1.85462 1.28017 
-0.349773 -0.00190612 -0.161541 -0.641784 -1.01758 
0.309541 -0.0275616 -0.140774 1.04071 -0.0718668 
1.29593 0.0664883 0.0215848 2.46694 -0.137336 
-0.773241 0.00966868 0.156557 -1.67507 0.89164 
-0.315595 0.0160819 -0.251802 -0.708999 -1.18179 
-0.113196 0.000916628 0.131273 0.393689 0.0643152 
0.364362 0.0199379 -0.161023 0.863234 -1.34343 
1.36576 -0.0978508 0.0120291 2.05135 0.0842517 
7.29361 -0.0732077 0.0697135 4.11689 0.362512 
-0.155217 -0.000842414 0.0383707 -1.32475 0.600102 
-2.57641 -0.0276853 0.0340451 -2.44236 -0.169457 
1.3814 0.0796835 -0.141855 0.855765 -1.25886 
1.05299 0.0545432 0.0731393 1.33951 0.339469 
-2.53888 -0.0189721 0.245831 -3.6574 0.909703 
1.58558 0.0378202 -0.0293366 0.756886 -0.504035 
-0.55573 -0.0582483 0.345754 -0.881684 0.883752 
-0.111552 0.000729723 -0.00500239 -0.581288 0.125964 
0.781049 0.062889 -0.0635059 0.44843 -0.812288 
-0.257133 -0.0424104 0.255339 -0.71983 0.552039 
2.73779 0.158059 0.0472145 3.19443 -0.177896 
0.96392 -0.0590359 -0.15106 1.64834 -0.171541 
-0.172913 0.00699381 -0.128021 0.0144868 -0.742638 
2.34458 -0.102415 -0.13769 3.27881 -0.193122 
1.75294 -0.305044 -0.346562 2.7298 -0.715575 
1.50175 -0.0832943 -0.313223 1.66902 -0.863729 
1.00935 -0.0227173 0.102271 0.955152 0.256985 
-0.366558 -0.0397143 0.0808939 -0.471681 -0.274069 
-0.390772 0.0224087 -0.298883 -0.719128 -1.22143 
0.63617 -0.0016301 -0.136092 1.42125 -0.689592 
-0.0738576 0.00946284 0.224943 0.182706 0.262177 
0.0699371 -0.00416808 -0.0221881 -0.607475 -0.187779 
-0.200016 -0.0325233 0.13901 -1.06523 -0.307797 
-0.584591 -0.0958307 0.228109 -1.27186 0.0984243 
-0.400919 -0.0186294 -0.195503 0.597155 -0.810894 
-0.643414 -0.00190378 -0.224111 -0.999218 -0.85408 
-3.71895 -0.141863 -0.000644724 -3.97822 0.086731 
0.831701 0.0124307 -0.0355875 1.5379 -0.652591 
-0.682685 -0.0423607 0.0935112 -0.691654 -0.383089 
-0.773067 0.0089916 -0.0127453 -0.524259 0.181568 
0.338658 0.00136926 0.152562 0.215567 0.630262 
-0.0875472 0.0459244 0.37548 0.808682 1.30933 
-0.432507 -0.00230866 -0.266114 -0.386376 -1.08413 
0.364674 0.0044685 0.197513 0.838173 1.00868 
0.342738 0.02189 0.206425 0.647974 0.908498 
-1.88018 0.120829 -0.361398 -1.73615 -1.20044 
0.814038 -0.018282 -0.106709 0.567253 -0.634416 
-0.973395 -0.0350195 0.372085 -2.42056 1.78285 
-0.387387 -0.00569056 -0.307674 0.312581 -1.27283 
-1.29088 -0.0462811 -0.0236826 -1.62609 0.045623 
0.25707 0.00992789 0.00134029 0.846504 -0.593482 
-0.474056 -0.0192361 0.109331 -1.33703 0.281503 
0.539026 0.0700621 0.162103 0.77569 0.0777292 
1.26126 -0.0823041 -0.0426209 1.03698 0.108979 
-0.270113 0.0116988 -0.0873443 -0.683562 -0.342757 
0.474661 0.0844386 0.375969 1.0306 0.739459 
0.235802 0.0459404 0.319653 0.891467 0.704199 
-0.432241 -0.047548 -0.322213 0.0590513 -1.65738 
0.143943 -0.00484674 -0.106451 0.235147 -0.768649 
-0.436356 -0.0450364 0.228522 -0.440126 0.820565 
0.221454 0.00880032 0.0262539 -0.28827 -0.129097 
-0.0169601 -0.0108302 0.161765 -1.07789 0.666944 
-1.38241 -0.254955 0.404915 -3.15633 0.98587 
0.430699 -0.032054 -0.199905 1.35596 -0.903877 
-0.469047 0.0102248 0.0413153 -0.809972 0.299338 
-1.57691 0.0399086 0.444924 -0.04916 1.30901 
0.28906 -0.0427288 -0.310432 0.660135 -0.76916 
-1.71241 -0.104669 0.340098 -1.50622 1.16651 
0.481265 -0.0528909 -0.171574 0.876574 0.0302335 
0.951343 0.0880378 0.0775994 1.65775 -0.306809 
2.02209 -0.013711 0.0594185 2.00721 0.176227 
-1.81634 0.108958 0.0459308 -2.16818 0.458367 
-2.33719 -0.157068 0.0348027 -2.53925 0.0520384 
1.2263 -0.1666 -0.366875 1.94266 -0.918263 
0.0208561 0.00170001 0.0981936 0.0497159 0.14395 
0.808759 0.0010351 -0.37159 1.22426 -1.52934 
0.0192951 7.19579e-05 -0.0537738 0.0958951 -0.263897 
-1.00551 0.0642373 -0.0785863 -0.870585 0.315724 
-0.558704 0.00971882 -0.220925 -0.463229 -0.970537 
0.580421 -0.0343659 -0.189146 0.661843 -0.648159 
-0.0851254 0.00670559 -0.15024 -0.404901 -0.625742 
-0.126031 0.0136548 -0.2264 -0.548085 -1.01683 
-0.151671 0.024869 -0.315116 -0.426193 -1.13778 
0.357846 -0.0418147 -0.322408 1.2523 -1.35753 
-0.604506 0.0137667 -0.0493243 -0.529456 -0.464419 
-0.929738 0.0105476 -0.240021 -0.579911 -1.28649 
-0.369624 -0.0449743 0.284039 -0.682403 0.85553 
0.0786025 -0.0125291 0.229344 -0.631757 0.91141 
-0.879445 0.0748728 0.00677766 -1.25163 0.331174 
0.367628 0.049718 0.253067 1.19165 0.761249 
-5.00719 0.0185767 -0.0725716 -4.99758 -0.112264 
-0.379954 0.035258 -0.021709 -1.22283 0.8392 
0.511349 0.0176455 0.175216 1.09177 0.867464 
-0.0979611 -0.00879308 0.245467 -0.173401 0.872343 
-0.453392 0.061254 -0.414133 -0.77345 -1.34356 
-0.0135879 0.0261401 -0.217681 -1.25579 -1.03171 
1.45796 0.0873766 0.0829584 1.04252 -0.321816 
0.0828858 -0.00410887 -0.105706 0.204299 -0.199364 
0.0303933 -0.0262495 0.414474 -0.841073 1.18384 
2.16956 -0.072965 -0.133528 1.92678 -0.0926189 
0.0575046 -0.020158 -0.438915 0.249045 -1.24142 
-0.659419 0.0366299 -0.0281158 -0.694346 0.259978 
0.141441 -0.0347811 -0.253787 0.784711 -0.868772 
0.302881 0.0203059 0.0874475 0.702636 -0.00836893 
-0.43186 -0.0441782 -0.222009 -0.0207455 -1.25389 
-0.787337 0.0583138 -0.00669985 -0.937986 -0.112914 
-0.595435 -0.00753394 -0.0409051 -1.18145 -0.268646 
-0.085761 -0.00506475 0.137674 -0.238602 0.799659 
0.338056 0.0694583 0.202932 1.53117 0.255136 
0.939543 -0.0612235 -0.444865 1.18454 -1.78988 
0.17481 0.0115768 0.134054 0.550426 0.616254 
-0.290235 0.0256548 -0.151667 -0.633668 -0.371613 
0.544552 -0.0374121 -0.274789 0.264014 -0.440752 
-0.402083 0.0485815 -0.204818 -1.03972 -0.3131 
-0.825456 0.0641437 0.0943475 -2.12181 1.25903 
-0.0893312 -0.00383209 -0.0375571 -0.565089 -0.621665 
-0.391672 -0.000138423 0.458823 -0.0890071 1.43919 
0.181576 -0.0186227 -0.151055 1.13434 -0.77755 
5.76727 -0.152617 -0.0636805 4.31542 -0.369154 
0.518983 -0.0480553 -0.379442 0.60492 -1.1507 
0.075649 -0.0317369 -0.385046 0.6479 -0.957117 
0.22707 0.0369163 0.2468 0.913173 0.808771 
0.266169 -0.016788 -0.108531 0.960771 -0.596586 
0.385832 -0.0512088 -0.0965757 1.78055 -0.0356556 
-0.448026 0.0504784 -0.19058 -0.997482 -0.301947 
-1.07945 -0.149961 0.0521845 -2.495 -0.336727 
-0.106142 0.00661891 -0.39456 0.022015 -0.634434 
-0.210803 0.0012883 -0.0359371 -0.0888252 -0.139432 
-0.152171 0.0364723 -0.299561 -0.980968 -0.688588 
0.298942 0.00395225 0.170809 0.54257 1.03737 
1.9928 -0.0144014 0.166194 2.36963 -0.0511037 
0.310506 0.0291495 0.154884 0.457024 -0.0462351 
0.264371 0.0402273 0.0686887 0.794603 -0.551126 
-1.07088 0.0893346 -0.20649 -2.41542 -0.64192 
0.656566 0.0752171 0.053123 1.18939 -0.507717 
-0.641743 -0.0278215 -0.173626 -1.38959 -0.983668 
-0.324662 -0.0254316 0.0917556 0.153726 -0.495638 
-0.306225 0.0421471 -0.216917 -1.1885 -0.485065 
-0.543883 0.0417945 -0.111484 -1.17378 -0.153039 
-1.53503 -0.0539238 0.470353 -1.38669 1.48533 
0.319559 -0.0655343 -0.314577 1.0503 -0.704335 
0.110015 0.0269963 0.289012 0.442692 0.293524 
-0.816156 0.123745 -0.22005 -1.00687 -0.344044 
-0.187658 -0.01836 0.15265 -0.710948 0.0975567 
1.81529 -0.0234019 -0.160707 0.366228 -0.180985 
0.563783 -0.0163646 -0.105822 0.740504 -0.0663444 
0.413142 -0.0343514 -0.187397 0.859026 -0.671283 
-0.428237 0.00965065 0.158503 -0.6428 0.963134 
0.0434233 0.00118788 0.121507 0.230548 1.20404 
3.3538 0.0556253 -0.27309 1.89027 -0.947553 
-0.0108824 0.00863279 -0.371705 -0.31513 -1.03134 
0.676833 -0.0477717 -0.10198 0.825977 0.295565 
-5.35316 0.0942722 -0.26194 -2.3363 -1.34577 
0.680993 -0.0252836 -0.0725964 0.573741 -0.0344913 
-0.680535 0.0668641 -0.141676 -1.48225 -0.170469 
-0.441575 0.00997437 -0.128687 -1.34466 -0.538341 
-0.607721 0.096889 -0.560866 -1.40156 -1.37521 
0.170395 -0.0082457 -0.0669234 0.429464 -0.05758 
0.37908 -0.0544367 -0.213015 1.45134 -0.530135 
-1.07378 -0.0357183 0.0881526 -0.520667 -0.253944 
-0.161818 -0.00194234 0.180224 -0.681265 1.27135 
-0.212561 0.0016171 0.396758 -0.158493 1.55531 
-0.0556113 -0.00934629 0.0410412 -1.17658 0.0786838 
-0.12829 -0.0144571 0.222281 -0.305804 0.609477 
0.496667 0.0053656 0.148463 1.42436 1.01905 
0.116834 0.0125792 -0.0315204 -0.358503 -0.866005 
-0.575283 -0.0149999 0.222352 0.0575664 0.620328 
0.293446 -0.0571078 -0.34725 0.637011 -0.691 
1.63699 0.0133714 0.0212651 0.652748 0.692086 
0.177653 -0.00617915 -0.0250678 0.754449 0.218621 
0.511263 0.01976 -0.511819 -0.112373 -1.70213 
-0.279961 -0.00596905 0.0803067 -0.702454 0.45471 
-0.0647094 -0.0111934 0.239102 -0.414991 1.08641 
0.111614 -0.026483 -0.326668 0.664388 -0.854813 
0.699037 0.0641613 0.156382 1.65406 0.233421 
0.70742 -0.151033 -0.407035 1.73881 -0.515473 
1.13718 0.118019 0.21859 2.05587 0.408988 
-0.372074 0.0229838 0.104853 0.0188221 0.914135 
-0.654545 -0.00240299 -0.158511 -1.36109 -1.14619 
3.60504 -0.139031 -0.00110165 3.20575 0.142113 
0.103744 -0.0326811 -0.387084 0.764448 -1.14514 
-0.132949 -0.0158758 0.191096 -0.52285 0.159604 
0.143843 0.00384134 0.053221 -0.264737 0.0205106 
-0.181058 0.0272241 -0.214358 -0.80961 -0.421117 
-1.33159 -0.115738 0.0885543 -1.6133 0.228756 
0.822961 -0.115607 -0.230726 1.24708 -0.252035 
-0.379195 -0.0111232 0.0311009 -0.529863 0.14232 
0.410366 -0.00330387 -0.0160033 -0.246505 -0.289051 
0.395686 -0.0212814 0.0428082 0.0423911 0.423702 
-3.25314 0.0533876 -0.0584712 -2.57063 -0.705919 
0.360865 0.0204575 0.0744099 1.17227 0.174354 
-0.112675 -0.00874982 0.298495 0.000679115 1.24448 
-5.20474 -0.367482 0.0096609 -3.29644 -0.217576 
2.50751 -0.137838 -0.172857 2.77044 -0.850514 
0.743914 -0.0361778 -0.299943 1.84057 -1.26377 
1.42155 0.055507 0.0533044 1.38997 -0.0467807 
-1.09333 0.0135191 -0.024235 -1.88466 -0.0610822 
0.472429 -0.0451139 -0.275512 0.450319 -0.754494 
1.14052 -0.0397628 0.0919535 2.45123 0.765963 
0.00105578 0.017367 -0.317955 -0.517904 -0.618313 
0.382849 0.0230655 0.129843 0.319905 0.227692 
-0.259111 0.0480755 -0.326753 -0.804538 -0.856707 
-0.0474215 0.00132653 -0.00294688 0.280015 -0.0930376 
0.896429 -0.0692809 -0.110606 1.04388 0.13376 
-0.675531 -0.0539494 0.318126 -0.836069 1.28563 
0.328718 0.0030383 -0.0502673 0.402989 -0.352558 
0.42019 -0.00217116 -0.0496503 1.21352 -0.423809 
-0.656458 0.0588053 -0.47496 -1.23884 -1.89372 
0.843134 0.0603486 0.102485 1.4703 0.048072 
-0.248451 0.0390548 -0.199743 -0.673315 0.302649 
0.0549586 0.00305802 0.0237879 0.481466 -0.0651719 
-1.22794 0.0160218 0.0714776 -0.683502 0.097273 
-0.0715157 -0.00104825 0.0354042 -0.360279 0.0965721 
0.173455 -0.0486578 -0.351576 1.05934 -0.880575 
0.441326 0.00837167 0.0130343 1.45524 0.0876854 
0.127263 -0.00600834 -0.184923 0.0413163 0.158846 
-0.149373 -8.8992e-05 -0.187198 0.0527968 -0.785687 
0.763697 -0.0641235 -0.0475226 1.92618 0.481568 
0.130913 -0.00785948 -0.0301855 0.047974 0.174907 
1.82324 0.019938 0.173451 3.15702 0.727922 
0.541068 -0.0320205 -0.164772 0.404383 -0.455491 
-3.35058 -0.0223147 -0.0564414 -1.1181 -0.074797 
-0.550513 0.0198559 -0.069115 -0.976742 -0.0289473 
-0.535479 0.0228376 0.42928 0.458441 1.15648 
0.14525 -0.0108626 -0.125763 0.635278 -0.0672495 
-0.105758 -0.0352404 0.416314 -0.502657 0.696332 
-0.269526 0.0494086 -0.313467 -0.636303 -0.184927 
-0.164999 0.00867022 -0.105406 -0.468454 -0.392495 
-0.0675319 0.0021634 -0.0692927 -0.359206 0.071959 
-0.362707 -0.0500456 0.255064 -0.503327 0.178544 
-0.209554 -0.0390978 0.359388 -0.386908 0.802747 
1.06235 -0.0764292 -0.295599 1.36559 -0.694981 
0.234573 0.0231949 -0.219902 -0.307773 -1.05075 
0.214174 -0.0236579 -0.207025 0.937162 -0.822211 
0.798306 0.0904382 0.0781501 1.93054 -0.475855 
1.20692 0.0500452 0.317401 1.8875 1.20853 
-0.0747048 0.00197269 0.121917 -0.216406 0.724345 
-0.816571 0.0361354 -0.0135662 -1.47948 0.447564 
-0.0108308 -0.00411737 0.154417 -0.449276 0.592835 
-0.453516 0.110477 -0.493813 -1.60919 -1.54225 
0.296962 -0.0536507 -0.230787 1.34557 -0.612027 
-0.508418 0.0907382 -0.240793 -1.74277 -0.233584 
-0.0858348 -0.00750022 -0.12246 0.792105 -0.145704 
-0.220576 -0.00436911 0.0561457 -0.607273 0.304854 
0.0515627 -0.00761344 -0.305816 0.0141721 -0.863829 
-0.144206 0.0392194 -0.332175 -0.85347 -0.720425 
0.10854 -0.0434797 -0.22334 1.13928 -0.268627 
0.482205 0.042929 0.285004 0.235168 0.854853 
1.1959 0.000399392 0.0972112 2.33632 0.279582 
1.7976 0.14601 0.155262 1.73539 -0.20519 
1.25218 0.101985 0.101795 2.10301 -0.0663818 
-0.255588 0.037206 -0.0457191 -1.09166 0.694142 
0.280112 0.0559744 0.28582 0.944061 0.188919 
0.415605 0.00965831 -0.0663996 0.929661 -0.323508 
0.532556 -0.0348088 -0.291863 1.15956 -0.859975 
0.374964 -0.0381914 -0.202215 1.31801 -0.616415 
0.634268 0.0677852 0.117953 1.48903 -0.439489 
0.180668 0.0399806 0.375153 0.71108 0.370768 
-0.112569 0.00578598 -0.100423 -0.310971 -0.330121 
-0.575055 -0.0597611 0.196998 -1.17924 0.486207 
-0.233926 -0.0228321 0.217812 -0.836897 0.304055 
0.0459936 -0.0148893 -0.236376 0.607029 -0.799244 
-0.0732866 -0.00177704 0.0645429 0.127176 -0.0114021 
0.142368 -0.046835 -0.116135 1.07606 0.126617 
-0.0621091 0.00318809 -0.144416 -0.340924 -0.269918 
0.0761343 -0.00856811 -0.058214 -0.0474616 0.59375 
0.374718 0.0259188 0.0564618 1.78883 0.140084 
0.121762 -0.0281348 -0.174125 -0.123244 -0.92826 
0.332962 -0.00042152 -0.0291609 0.857615 -0.221779 
-0.00518878 0.0132095 -0.193662 -0.569681 -1.06196 
-0.564146 0.0162831 0.228916 -0.0971389 0.693781 
-0.299023 -0.0654025 0.406172 -1.09724 1.38266 
0.0672991 0.00206575 0.0496915 0.142378 -0.00917455 
0.277973 0.00451121 -0.134661 0.372559 -0.878954 
0.264352 -0.0102612 0.118583 0.143276 0.812575 
-0.806488 0.0696735 -0.0825295 -1.61134 0.340931 
-0.41705 0.0506983 -0.311733 -0.679538 -1.09598 
-0.205021 -0.000220036 0.0159371 0.467495 -0.252095 
0.250266 -0.0272024 -0.154389 0.708834 -0.234873 
-2.94954 -0.00187358 -0.00262233 -2.29163 0.00043205 
0.107443 -0.0248344 -0.206494 0.830476 -0.491572 
0.460765 0.0809507 0.371208 1.14378 0.449629 
-0.241154 -0.0189641 0.268289 -0.577022 0.982331 
-0.045971 0.00186843 -0.00411753 0.140599 0.400059 
-0.25497 0.0367148 -0.269425 -1.11336 -1.09491 
-0.490731 -0.000640167 0.497239 -0.0917406 1.31977 
-0.151671 0.0129933 -0.132923 -0.405293 -0.183788 
0.500498 -0.0616154 -0.16071 0.851293 0.247919 
0.115656 -0.0159019 -0.393246 0.0599305 -1.09439 
0.171264 -0.00583491 -0.116278 0.042007 -0.519275 
-0.605996 0.0493146 -0.231758 -0.353088 -0.650115 
2.13104 0.0551273 0.356885 -0.121419 0.72926 
0.896288 0.0431823 0.146497 0.4067 -0.293774 
0.365036 -0.0160664 0.382925 -0.143414 0.864511 
0.00590417 0.00446165 -0.0605951 -0.191327 0.543627 
0.127025 -0.00930531 -0.0253274 -0.0687273 0.444441 
0.136206 -0.0139811 -0.178793 0.144751 -0.0530842 
0.259668 -0.0418255 -0.339423 0.560862 -1.30146 
-1.1704 0.0557864 -0.0802954 -1.82803 0.0675248 
-1.09262 0.00375941 0.0733491 0.295319 0.181864 
-0.200852 0.00200688 0.0635063 -0.631806 0.333558 
-0.322238 0.0320366 -0.179608 -1.07946 -0.207962 
-0.207531 -0.0428424 0.407985 -0.613793 1.23715 
0.0341179 -0.00416439 -0.229272 0.32912 -0.773761 
-0.156979 -0.00922879 0.314271 -0.0381392 0.912969 
0.9238 -0.0141523 0.0206055 2.11438 0.2512 
0.174037 0.0377884 -0.216763 -0.531435 -1.44956 
0.171454 -0.00028672 -0.030617 0.65689 -0.184768 
-0.54601 -0.0844757 0.207682 -1.47786 0.148994 
0.206931 -0.0371091 -0.218103 0.689795 -0.11696 
-0.138245 0.0068802 0.118397 -0.25918 1.05808 
1.94631 0.0151452 -0.00880806 2.85757 -0.0451271 
-0.171289 -0.00515978 0.0577902 -0.849894 0.0633621 
0.698321 -0.0492902 -0.121142 1.91173 -0.260179 
-0.129792 0.00843509 -0.101273 -0.715598 0.129554 
-0.403539 -0.0219805 0.258883 -0.31394 1.19594 
1.65295 -0.00260018 -0.0698821 1.69247 -0.240657 
-0.110026 0.000502237 0.0248475 -0.101871 0.290704 
-0.218302 -0.0285783 0.316471 -0.5779 0.752272 
0.447172 -0.023975 -0.147598 1.2962 -0.712721 
0.546719 -0.0378498 -0.0562129 0.689375 0.475567 
-0.904102 -0.0262835 0.08086 -1.25251 0.281308 
-0.0866785 0.000462005 -0.0150911 0.159172 -0.279733 
-0.355891 0.0171596 0.0155336 -0.274646 0.398895 
0.0430621 0.000303343 0.0226173 0.0554342 0.120701 
-0.00866897 0.00145088 -0.0531311 0.577445 0.0470981 
0.915558 0.0307478 0.113062 1.15575 -0.388347 
-0.211811 0.0259546 -0.25528 -0.769359 -0.976949 
-0.651651 -0.00519797 0.0672879 -0.335185 0.389437 
0.249634 0.00373507 -0.0297872 0.635046 -0.50844 
0.294929 -0.0119852 0.143465 -0.41192 0.379017 
0.130791 0.00639433 0.144305 0.668247 0.905917 
-0.554669 0.0080089 -0.187433 0.377546 -1.01344 
-0.849193 0.0596238 -0.213078 -2.27751 -0.809724 
0.273763 -0.00498895 0.220803 0.394155 0.174432 
0.0542819 -0.0219708 -0.31029 0.558823 -0.775811 
-0.354869 -0.0526317 0.289489 -1.15281 0.87505 
-0.195684 -0.00700619 0.0284719 -0.268703 -0.292334 
-0.163241 -0.00455438 0.152905 -0.272976 0.460247 
0.30271 0.0412645 -0.480338 -0.758902 -1.62739 
-0.347872 -0.0149347 0.326604 -0.572296 1.33943 
1.32216 -0.0121849 -0.0248411 2.39917 0.227902 
-0.585729 0.036225 -0.176048 -0.545986 -0.0492879 
-0.39706 -0.0234216 0.0961464 -1.07865 0.239033 
0.723453 0.0126281 -0.117972 -0.719196 -0.16324 
0.284057 0.0317313 0.194995 0.649487 0.335982 
0.591498 0.0687764 -0.49415 -0.804455 -1.74353 
0.115797 -0.014938 -0.207388 0.317139 -0.741367 
-0.427086 0.00530676 -0.00345495 -1.12217 -0.0490134 
0.394013 -0.00376438 -0.141746 -0.0642234 -0.505768 
-0.133986 -0.0129499 0.205035 -1.35429 1.31325 
1.13693 -0.0551763 -0.117326 2.45584 -0.279407 
0.374303 -0.0385121 -0.184758 0.800315 -0.174483 
-0.192414 -0.0237891 0.276554 -0.296678 0.824996 
0.0882924 -0.00658827 -0.312824 -0.0257833 -0.941657 
-0.0959732 0.00174362 -0.0891236 -0.0353804 -0.247898 
0.683126 -0.0262369 -0.194141 0.610375 -0.287206 
-0.0178878 0.000477634 -0.0151677 -0.404132 0.18336 
1.10876 -0.0106279 0.0769364 1.25391 0.0562475 
-0.0308314 0.0204043 -0.277844 -0.699617 -0.750777 
-0.662964 0.0526409 -0.134234 -0.750324 -0.0487702 
-0.137147 0.0252599 -0.398185 -0.233997 -0.778795 
0.0441673 -0.00147429 0.0795666 -0.099009 0.486706 
0.473422 0.00410979 -0.107859 1.21864 -0.851283 
-0.0401215 0.029178 -0.347727 -0.841633 -1.08014 
0.123518 0.00279562 0.0437847 0.196234 0.279178 
-0.372454 0.023864 -0.156769 -0.953866 -0.408794 
-0.311398 0.0496283 -0.266194 -1.15632 -0.684739 
0.135082 -0.00753158 -0.199857 0.217075 -0.769485 
0.332213 0.0196102 0.0374287 1.00239 -0.135846 
1.53006 0.0853303 0.351094 1.435 0.702685 
-0.807504 0.0231312 -0.0504168 -1.00696 -0.0850956 
-0.163606 0.0286106 -0.362117 -0.511157 -1.04815 
-0.00885063 -0.000892263 -0.0612036 0.355558 -0.355122 
-0.586477 -0.0430975 0.0825947 -1.42444 0.0376684 
-0.447009 -0.00940709 0.0697262 -0.101858 -0.0232938 
0.103624 0.00905326 0.156598 0.365695 0.583985 
-0.653887 0.0480494 -0.163381 -1.8615 -0.478456 
-0.28857 -0.056308 0.303581 -0.962252 0.268174 
-1.00098 -0.0737255 0.133173 -1.98442 0.0200196 
0.0653098 -0.00856008 -0.322178 0.310006 -1.08934 
0.210037 0.0191535 0.173368 0.223515 0.404319 
0.621911 -0.0523016 -0.0517922 1.75277 0.316811 
-0.408796 -0.0106759 0.162127 -0.44854 0.938637 
-0.0709458 0.00452111 -0.169035 -0.337866 -1.00501 
-0.15703 0.0100287 -0.11468 -0.601727 -0.264799 
-0.513427 -0.00461638 0.10106 -0.91936 0.839065 
0.108292 -0.00936526 -0.207463 -0.0338951 -0.348313 
0.114647 0.00407684 0.0244033 -0.0136629 -0.105531 
0.284203 -0.015275 -0.252871 0.111278 -0.28565 
0.0877795 0.0298112 0.249385 0.498231 0.244172 
0.312812 0.00844706 0.0038311 0.87036 -0.447426 
1.6372 0.0231435 -0.0449779 2.40143 -0.223304 
0.108909 -0.00513827 -0.0995336 0.412565 -0.573915 
0.34404 0.0115 -0.00627201 0.440517 -0.448414 
0.276348 0.0551417 0.408866 0.662883 1.30743 
-0.284894 -0.0243378 0.168808 -0.781968 0.471037 
0.145592 -0.0125746 -0.146884 0.819431 -0.386568 
0.701715 -0.0103756 -0.000240304 0.903383 -0.00023589 
0.619502 -0.00486534 -0.0689891 1.09592 -0.196498 
0.599643 -0.0394951 -0.121029 0.552157 0.234837 
-0.769443 0.0438553 -0.352271 -1.84049 -1.42308 
-0.0687173 -0.0095744 0.202692 -0.483444 0.596206 
0.030428 0.00163206 0.0150856 0.381046 -0.203409 
0.027004 0.000429217 0.0478187 0.0540305 0.360692 
-0.199739 0.0267205 -0.287056 -0.0593831 -0.369937 
0.0967577 -0.00945985 -0.158552 0.4186 -0.198289 
0.0826929 -0.0288604 0.183112 -0.694804 0.252993 
-0.00584209 -0.00696943 0.30449 -0.170417 0.846367 
-0.170121 -0.0186086 0.317128 -0.10383 0.590961 
0.115439 0.00182026 0.334927 0.267545 0.364934 
0.0668758 -0.00107227 -0.0611505 1.04646 -0.477064 
0.115408 -0.00445735 -0.057986 -0.0734404 0.333848 
-0.119336 0.0320682 -0.343883 -0.744379 -0.694414 
-0.217684 0.00170721 0.301819 0.15628 0.657417 
-0.0497523 0.00506972 0.291242 0.190878 1.34391 
-0.0716027 0.000482199 -0.019172 -0.428326 -0.211116 
0.0578817 0.0041329 0.222333 0.294227 1.20892 
-1.4851 -0.0664098 0.0204408 -2.86755 -0.202675 
-0.327778 -0.00524438 0.0125926 -1.11259 -0.28206 
-0.499866 0.0247043 -0.12503 -0.863868 -0.359111 
-0.205584 0.00175536 -0.0297036 -0.364244 -0.0112603 
0.397267 -0.0611884 -0.344656 0.798536 -0.996725 
0.303413 0.0186528 0.0964986 0.916434 0.186093 
-1.96153 -0.0122938 0.163674 -0.726337 0.255532 
-0.525829 -0.0167579 0.00578294 -0.553744 -0.0408318 
-0.191097 0.00807059 0.120321 0.786061 0.157442 
0.0410827 0.00136826 0.182378 0.0593058 0.857929 
0.0436153 -0.0202045 -0.379692 0.54214 -1.345 
-0.216879 0.00490406 -0.280765 0.0402172 -0.784492 
-0.157118 -3.9188e-05 0.105943 -0.0173997 0.613114 
0.599079 -0.0393877 -0.0735514 1.23906 0.158552 
0.350805 0.0509637 0.308387 0.791109 0.944054 
0.34711 0.0450445 0.186301 0.710762 -0.275076 
-0.135608 0.0142879 -0.0606908 -0.33374 0.224252 
-0.663713 0.0439767 -0.0640578 -1.90351 -0.0819337 
1.77159 0.0616251 0.0425904 2.16763 -0.152785 
0.0890809 0.0086057 0.184284 0.127507 0.495949 
-0.165457 -0.02217 0.154052 -0.646509 0.0273532 
-1.64641 -0.0522209 -0.0703215 -2.94196 -0.0885132 
-0.17925 -0.0120257 0.155637 -0.40173 0.663234 
-0.235163 0.00718502 -0.157698 0.256855 -0.175664 
0.346056 0.0517798 0.168954 1.15747 -0.0639177 
0.346087 -0.0455482 -0.257643 0.823254 -0.679368 
-1.3356 -0.168968 0.211461 -1.72492 -0.18809 
0.0165634 0.00226407 -0.152163 -0.279418 -0.527433 
-0.164513 0.000330095 -0.0236179 -0.0775676 -0.341646 
-0.179641 -0.0134966 -0.00958465 0.485484 -0.760187 
-0.6966 -0.1421 0.297462 -0.660483 -0.0765552 
0.202244 0.00117074 -0.0467361 0.922448 -0.6298 
-0.733664 0.0380312 -0.0575906 -0.884708 0.30288 
-0.187186 -0.0231987 0.234156 -0.303087 0.589304 
0.129358 -0.00943569 -0.18045 0.533981 -0.812777 
0.00390576 -1.13034e-06 0.00710159 0.0467862 0.178302 
-0.559189 0.00863195 -0.000664419 -0.78519 0.0390399 
0.0871426 -0.00213443 -0.0895423 0.444364 -0.197236 
0.160314 0.0159456 0.0524796 0.663967 -0.710231 
0.549075 0.0516311 0.107931 1.09618 -0.422425 
0.118689 0.00924213 0.352576 -0.0762313 0.592008 
-0.234682 -0.0478395 0.387994 -0.258955 0.775388 
0.111446 -0.00785338 -0.102098 0.688838 -0.297573 
0.0556522 0.000956623 0.0395786 0.355381 0.357618 
0.128517 0.00909092 0.107808 0.583176 0.307628 
-0.643914 -0.0122898 0.030423 -1.42796 0.0414299 
0.475641 -0.00561574 -0.0507666 0.964996 -0.141365 
-0.62197 0.0332205 -0.204077 -1.86607 -1.09001 
-0.404744 -0.00184117 -0.213112 0.264325 -0.472194 
-0.119992 -0.000832213 -0.025918 -0.758821 -0.53584 
-0.451641 -0.0225759 0.0281749 -0.391944 0.0840269 
0.0279737 0.000593837 -0.0107499 0.64974 -0.114648 
0.172228 0.00528394 -0.199122 0.18287 -1.22235 
0.191658 0.0118042 -0.320052 -0.417685 -1.20586 
0.0823855 0.00172911 0.101047 0.119303 0.702309 
0.126935 0.0198995 0.431681 0.00144093 0.964981 
0.222668 -0.00475187 -0.179245 0.00491342 -0.933156 
-0.781184 0.0451121 -0.0430578 -1.23886 0.0138972 
0.0773113 -0.0038337 -0.108382 0.316264 -0.536039 
0.0304494 -0.0158272 -0.00227715 -0.3678 0.714637 
0.0146471 -0.00242982 0.090453 -0.454484 0.408711 
-0.269063 0.00646813 -0.221213 0.292657 -0.25249 
-0.159805 0.00415034 0.108388 0.00797718 0.385823 
0.556369 0.0495109 0.0855212 1.03154 -0.28476 
-0.0915526 -0.0366595 0.28853 -0.772148 0.23899 
0.0424429 -0.000168331 0.0444638 -0.230983 0.0137801 
-0.147727 -0.00701454 -0.279464 0.782169 -0.463719 
0.0850424 -0.00587149 -0.114367 0.20215 0.127852 
0.00409378 -3.12159e-05 0.029782 -0.00914161 0.0729972 
0.188889 -0.0334105 0.336426 -0.461657 1.43022 
-0.0894373 -0.00647112 0.173935 -0.188534 0.386689 
0.388476 0.0345753 0.0861903 1.11364 -0.0403646 
0.153028 -0.0117774 -0.198082 0.108912 -0.542683 
-0.386225 0.0245301 -0.158531 -1.57214 -0.772709 
0.182432 0.0401037 0.227969 0.596484 0.0759873 
-0.081414 0.00477591 -0.13125 0.0708865 -0.312017 
-0.0978658 -0.00299243 0.0905362 0.102712 0.0821574 
0.105871 -0.038783 -0.298572 1.04044 -0.979165 
-0.34073 0.0122284 -0.0567521 -0.806487 0.168892 
-0.192784 -0.0113253 0.0507029 -0.802104 -0.126121 
0.285296 0.0528708 0.289593 0.985839 0.634553 
0.0239453 -0.000365128 0.138882 -0.348779 0.696792 
0.90593 0.0149145 -0.0605568 1.91205 -0.434534 
-0.000398628 0.00801148 -0.277235 -0.198391 -0.703782 
0.195177 0.0285344 0.300436 0.543589 0.581869 
0.359796 0.00519792 -0.20326 0.389685 -0.635496 
-0.0952539 -0.00711641 -0.0901503 0.192869 -0.832735 
0.130491 0.00713072 0.180949 -0.322538 0.329304 
0.0441068 -0.00463016 -0.145603 0.267554 -0.316658 
-0.725544 -0.037509 -0.00358899 -1.79966 -0.38322 
0.0550716 0.00286823 0.0281591 0.729957 -0.364694 
-1.18453 -0.0781202 0.12656 -2.42147 0.0746311 
0.230295 0.0144902 0.309577 -0.10743 0.616146 
-0.046159 -0.00126725 0.0578965 -0.271415 0.319574 
-0.113019 -0.002527 0.196567 0.117021 1.05278 
0.00122431 0.00360577 0.178529 0.36279 0.572638 
-0.132917 0.0404889 -0.463129 -0.757287 -1.28328 
0.232125 0.00698073 -0.0247962 0.998723 -0.639288 
-0.674176 -0.0371833 0.0814665 -0.406424 -0.108291 
-0.352882 -0.0271911 0.0700102 -1.08974 -0.00140895 
0.299554 -0.0187815 -0.103491 0.971878 -0.138017 
-0.0377305 0.0070359 -0.192476 -0.497247 -0.215093 
0.166715 -0.0092502 -0.0548323 0.652159 0.116289 
0.0317464 0.0573028 0.557527 0.596708 1.79728 
-0.0806347 -0.0045731 0.327245 0.19546 1.29739 
-0.264166 -0.0149115 0.0472843 -1.19881 -0.0934105 
-0.231737 0.0151321 -0.237397 -0.215319 -0.552614 
-0.0686766 0.00775853 -0.155693 -0.220421 -0.63974 
0.0153046 0.0207904 0.361074 0.483869 0.955716 
-0.00534765 -0.000143269 0.0252008 0.557419 0.14094 
0.129854 0.023649 0.181661 0.683038 0.0627287 
0.989416 -0.069452 -0.124769 1.63716 -0.517332 
-0.0254481 -8.20215e-05 0.198416 0.103773 0.848606 
0.00939736 0.00360245 -0.348866 -0.109264 -1.33108 
-0.0945531 -0.00015834 -0.0569743 -0.76874 -0.779052 
-1.1237 -0.01514 -0.0430043 -1.84553 -0.134638 
0.359481 -0.0400157 -0.118372 1.16592 0.334864 
0.433184 -0.0152856 -0.0711822 0.00762704 -0.117538 
-3.74017 -0.355507 0.138471 -3.76903 -0.0664157 
0.413341 0.00490473 0.00302749 0.823906 0.0591657 
0.466996 0.10638 0.400425 1.57978 0.871263 
-0.0330034 -0.000792631 -0.0733992 -0.181992 -0.74428 
0.0429928 0.0087508 -0.388223 -0.324994 -1.23583 
-0.228028 -0.036397 0.16659 -0.721108 -0.378016 
0.0318425 -0.000187462 -0.00817351 0.410255 -0.0342944 
0.528388 0.0075785 -0.0342604 0.470983 -0.560995 
-0.344317 0.000250256 -0.00646845 -0.943094 0.23098 
0.0789742 -0.00128618 -0.118018 -0.0646474 -0.654173 
0.0971339 0.012984 0.133475 0.193215 0.119711 
0.323583 0.0210442 0.0235521 1.6086 -0.100858 
-0.288993 0.0193294 -0.00898603 -0.932158 0.829907 
-0.196456 -0.0247671 0.315188 -0.0916943 0.415272 
0.587913 -0.047251 -0.25492 0.981189 -0.614168 
0.983314 0.0589902 0.231474 2.08525 0.575839 
0.069947 0.00407982 0.0703779 0.679959 0.206695 
-0.0842098 -0.00468198 0.0730722 -0.0550378 -0.255396 
-0.741936 -0.0522204 0.000330375 -1.70527 -0.509092 
-0.41652 0.051735 -0.146034 -1.2973 0.255025 
-0.408961 0.0233871 -0.0625978 -0.21895 0.172685 
0.0144871 6.18971e-05 -0.0087428 -0.170665 -0.192158 
0.059483 -0.00543602 -0.369602 0.113358 -0.978074 
0.90733 -0.00922191 -0.198114 1.71496 -0.803975 
0.283836 -0.0404309 -0.299746 1.15216 -1.27462 
0.0714606 0.000989848 0.19755 -0.365907 0.306767 
0.50304 0.0468927 0.131855 0.526526 -0.383535 
0.414861 0.0378905 0.243628 1.49618 1.09573 
0.116466 0.011282 0.183238 0.20565 0.584964 
-0.0440236 0.00030006 -0.0550472 0.00603995 -0.443246 
0.17032 -0.00908062 -0.0284224 0.122424 0.292923 
0.466288 0.0215922 0.100677 0.354393 -0.109288 
0.260806 -0.0189736 0.121246 -0.195374 0.274897 
0.0127758 0.00014204 -0.00529038 0.129199 -0.383431 
0.169456 0.00952921 0.0490986 1.06991 0.0177173 
0.0899894 0.00125215 0.0210343 0.226974 -0.0619377 
-0.19372 -0.0142173 0.121082 -0.887232 0.387291 
0.149513 0.00817772 0.0610657 0.845553 0.0636619 
-0.0383545 -0.000134103 -0.123672 0.248269 -0.640516 
-1.98699 0.0645041 -0.014082 -3.23762 0.111851 
0.0381914 0.000191134 0.115706 -0.31248 0.107753 
-0.0167584 0.00376212 -0.171779 -0.291167 -0.396034 
0.0511506 0.00398997 0.358797 -0.116933 0.821747 
0.0461592 -0.000353161 0.102715 -0.135866 0.0424281 
-0.501217 0.0475871 -0.161406 -1.7215 -0.142386 
0.015748 -0.00273997 0.118536 -0.289932 0.30418 
-0.0253788 0.00179404 -0.16581 -0.11762 -0.396641 
0.132952 -0.0134173 -0.17561 0.506303 -0.625778 
0.344442 0.0106983 -0.00478711 0.740582 -0.0302919 
0.487289 0.0482878 0.0553742 1.42924 -0.0981649 
-1.40191 0.0376332 -0.020878 -1.84357 0.0542564 
0.0403844 0.00230354 0.192963 0.0148679 0.903687 
0.109947 -0.00029998 -0.163058 -0.106968 -0.600934 
0.369054 0.00260784 0.0214737 0.548276 -0.0974714 
-0.269419 -0.0178368 0.0326111 0.0355696 -0.0268793 
-0.265664 0.0237329 -0.340701 -0.2957 -1.12705 
-0.125495 -0.00993692 0.0956838 -0.691486 0.071277 
0.0588805 0.00318291 0.162097 0.24981 0.968061 
-0.0510512 -0.00270005 -0.102063 0.1789 -0.490697 
-0.0933457 0.000580465 -0.00771977 -0.560063 -0.136924 
-1.00394 0.00153485 -0.130145 -2.06727 -0.679035 
0.303734 -0.0160668 -0.049729 0.991923 0.102176 
-0.00381595 2.96932e-06 0.0538927 0.109347 0.327463 
0.252802 -0.0303549 -0.154481 0.496202 0.237105 
0.251819 -0.0363073 -0.297682 0.871648 -1.064 
-0.0981733 0.00134425 -0.0329738 -0.689061 -0.270018 
-0.00148428 -8.70653e-06 -0.0487643 0.0861448 -0.320798 
0.0305961 0.0026395 0.167625 0.183751 0.561538 
0.0384522 0.00101013 0.0568469 0.154712 0.391077 
0.095459 -0.0092837 -0.282347 -0.185872 -0.485917 
-0.0275144 -0.000609308 0.062236 -0.0332889 0.240239 
-0.0240616 0.00148177 -0.50222 -0.0478001 -1.20567 
-0.0374787 -0.00132672 0.0928899 0.222704 -0.111524 
