0.84937,0.666798,5.39671,2.18928,-2.66848,3.30625,-1.56056,3.15314,1.11606,
-2.76188,0.0737638,3.86097,2.25523,2.60255,0.126362,1.30519,-0.229123,0.996086,
-2.83423,-0.0480253,3.29729,-0.772448,0.229822,1.11292,0.850204,1.0437,0.73029,
1.55986,0.355418,0.464731,2.81,-1.57403,0.322354,-0.37809,0.264482,3.85995,
-1.0177,0.0319045,0.279324,1.61712,-0.0221631,4.23362,-2.40685,2.08468,0.57724,
0.410402,2.21438,0.765501,-0.340061,-2.31297,0.668002,1.98933,0.512919,0.550771,
-2.9256,0.000477079,3.16531,-2.5987,-0.274302,0.224154,1.43848,-2.45243,0.397642,
2.90831,-1.72896,0.660197,-2.11269,1.78771,0.653722,0.415916,1.69595,0.113238,
-0.0239824,0.308149,0.824217,-2.29583,-0.957753,0.994774,3.44563,0.312161,1.05336,
1.30682,-0.0394104,2.91075,-2.24198,0.587069,0.925646,1.92711,2.23757,0.0659991,
-2.30948,0.0316024,2.95223,2.74571,0.571638,0.505772,0.0802206,-1.39753,0.0269526,
-1.61964,-2.40409,0.330057,2.3415,0.394203,0.14553,0.111495,0.433071,2.36769,
2.38194,-0.0137847,2.2003,-2.43747,2.55434,0.251702,-2.64637,-2.52175,0.827761,
-6.64465,1.22864,0.262951,0.367512,-3.074,0.200754,6.40199,-0.777829,0.107212,
-0.203147,0.0620129,1.55604,-1.63438,-0.167554,1.65802,0.671929,0.43628,1.62539,
3.73688,2.54507,0.538377,-0.0516713,1.95767,0.0876134,-1.75182,2.8923,0.154387,
1.82412,-0.00070573,3.74626,-0.872169,1.25943,0.113723,1.37733,-2.92322,0.389552,
-2.67283,0.436152,0.59089,1.55456,-2.62425,0.145515,-2.41092,1.95173,0.824232,
-3.95468,6.73084,0.0737734,-3.41453,-2.60723,0.232345,3.61025,0.799353,0.00251074,
1.07444,-2.24784,0.0133349,3.65624,3.56832,0.557418,2.38697,0.299652,0.250569,
-2.63639,-0.0205588,1.85162,-2.62412,2.86833,0.214957,2.63536,-1.47873,0.989217,
-2.73838,-0.00515038,1.73756,-2.25633,0.900666,0.233555,0.384919,-2.3981,0.239149,
2.96845,0.407293,0.696147,2.41576,-2.75994,0.354615,-2.88808,2.944,0.652639,
2.00002,-0.0322183,1.87935,0.917481,0.144452,1.5528,-2.71345,1.97797,0.407918,
1.02155,-0.51559,0.198758,-1.95188,0.328658,0.362003,-2.66533,0.0329301,3.24327,
-1.48697,-0.74507,0.343314,-1.81145,1.24094,1.07661,1.28981,2.47368,0.136263,
3.71756,-3.32675,0.138572,3.79657,1.94774,0.26861,0.323186,2.02896,0.0913334,
0.594409,-0.486843,0.271726,-1.67642,0.603613,0.201867,1.6869,0.128161,2.0589,
-0.924097,-2.26557,0.475887,2.51059,2.99905,0.352585,-3.86172,1.94858,0.175063,
-2.5252,-0.175662,0.550269,-2.26351,1.5317,0.259191,2.30972,0.339022,0.705794,
-2.55286,-0.0410616,1.12174,-2.18985,-3.05606,0.332956,1.03957,-0.637184,0.161585,
-0.453745,-0.659207,0.701822,2.63793,3.61204,0.490777,2.20568,-0.367283,0.506417,
2.65743,0.0215833,1.94527,0.708816,-0.139753,1.13591,-1.87658,0.776114,0.707071,
2.685,3.0668,0.107867,0.152941,-3.11064,0.567382,0.59117,2.91507,0.919837,
-2.84575,-2.21854,0.0479964,-1.64343,0.995428,0.916231,0.42071,-3.12485,0.59975,
-2.63595,-0.0386619,1.70523,1.69928,1.36956,0.258452,-2.84439,2.65592,0.15229,
-0.0992182,2.20217,0.0290336,-1.54617,-0.197582,1.45502,1.71304,-2.20247,0.333152,
2.22543,-0.160068,0.687313,0.388278,1.61134,0.510859,-1.89501,-3.10654,0.0715694,
1.46064,0.017764,2.5874,0.213708,-0.478332,0.171955,1.51643,0.174572,1.53956,
2.86919,-0.0819588,1.69275,0.506539,-0.407622,0.203322,1.30827,1.8578,0.421722,
0.0314067,-1.14779,0.128341,-2.09196,2.00335,0.448854,-1.15603,0.426793,0.640327,
2.53755,-0.116534,1.16737,2.42487,-1.62758,0.194701,-1.93882,-1.69575,0.441606,
-2.00161,-0.0659765,1.29975,-2.07552,-0.764092,0.356094,2.89998,-1.52489,0.224465,
-2.17196,0.0135589,0.959199,-0.557283,2.8747,0.261154,1.30905,-2.73559,0.134825,
0.226862,0.441185,1.14416,0.840697,-2.55609,0.386975,-0.519456,0.459851,1.69165,
2.87179,0.592097,0.481894,2.1687,0.596767,0.100352,-3.56635,0.59353,0.348412,
-2.7348,-0.18403,0.629551,-2.84804,-0.514117,0.507584,2.98009,-1.41494,0.260119,
-0.604141,-0.0399878,0.0238896,-2.61675,-0.300897,0.612021,2.51253,-0.93836,0.413675,
-1.58735,0.0127902,1.31106,-1.89665,1.88058,0.258507,0.404947,0.500809,0.587086,
1.6407,0.0851041,1.09022,2.26663,-2.65393,0.318137,2.9358,2.73544,0.687789,
-1.90766,0.0149909,2.19991,-2.07574,-1.37035,0.400123,-1.41006,-2.19405,0.366086,
-2.8248,-0.00390593,1.73737,0.611684,-0.836208,0.240144,2.39147,-2.86563,0.246176,
1.05167,1.36353,0.104731,-2.9903,-0.332254,1.55734,0.130889,1.69556,0.782382,
-2.29616,-2.16453,0.212619,-4.10818,2.02422,0.658622,-1.52635,1.46029,0.228154,
-3.0772,-0.767951,0.0517771,1.15038,0.846824,0.260492,-2.0252,-0.735027,0.470027,
-0.66882,-0.653956,0.151817,2.10828,2.3487,0.151561,-2.18939,0.321314,1.10178,
-1.5124,0.013216,1.82017,1.59019,-0.675198,0.669523,0.317781,0.254601,0.120905,
-2.38412,-0.700427,0.250476,-1.94144,0.328383,1.29729,-0.882907,0.970458,0.329229,
1.65703,0.000287481,2.81473,-1.30302,-2.37361,0.278328,1.02205,-2.39295,0.359604,
-2.87821,0.261029,0.29631,1.41858,-0.106872,0.122551,2.24087,0.861371,0.583513,
1.48854,-0.0926503,1.0935,1.76304,3.12735,0.165312,-2.03628,-1.449,0.0720585,
-1.96107,-0.303755,0.659049,-2.14769,0.722905,0.602917,-2.92331,0.154111,1.14361,
2.8802,-0.43751,0.571646,1.31136,1.1757,0.672178,-2.67082,-2.10338,1.00893,
1.20593,-0.507066,0.493625,1.19036,2.3089,0.449124,2.05506,0.0225612,0.616793,
2.7296,0.19362,0.772389,-0.999729,-1.04756,0.778186,-2.4337,3.04282,0.104915,
-2.15952,-1.17373,0.174627,-3.5538,1.0973,0.941302,-2.13968,2.72457,0.0710952,
-2.33457,0.161471,0.563823,-2.24909,-0.267701,0.0997836,-1.70018,-1.88809,0.0752734,
-0.477527,-0.00679251,2.47043,2.4647,2.11502,0.349019,1.33438,-2.95178,0.318591,
-2.70289,0.77091,0.500512,-1.31239,-2.53083,0.287424,-1.28301,-2.4321,0.323003,
1.10645,-0.130012,0.766623,2.1435,2.59025,0.00252986,-2.77441,0.504038,0.497271,
-1.39446,-0.157835,0.806582,-1.91281,-3.16799,0.359209,-0.208055,2.42016,0.0255029,
-2.45607,-0.107103,1.28266,-0.557883,1.0472,0.260261,2.02832,-1.16997,0.359184,
3.06973,0.532958,0.358146,-1.90223,-1.01507,0.752303,2.19834,1.68665,0.857713,
-3.28385,-0.355773,0.8536,1.17042,-2.62121,0.175515,0.140202,1.87898,0.0772875,
1.32162,0.100537,1.43911,0.301578,2.47237,0.115194,-1.68897,-1.03368,0.0467501,
-2.64696,2.5038,0.0396341,-1.47526,-0.236106,1.18635,-0.660339,-0.262398,0.0580359,
-2.25894,-0.0956746,0.701482,0.936109,0.498748,0.591597,1.14455,0.930798,0.108622,
2.45402,0.00352301,2.43368,-2.96351,-2.41963,0.331612,-1.34147,2.1825,0.42075,
-2.00847,-0.132162,1.10374,0.520934,1.5773,0.502656,0.663697,-0.596758,0.333213,
-2.34138,-0.379263,0.90531,-1.30085,-1.58922,0.149708,2.25368,-2.78663,0.0151032,
-0.964727,0.0746777,1.07954,-0.81738,2.23121,0.250965,0.333896,-1.96501,0.0645405,
2.32744,0.102521,0.93946,0.236526,2.63616,0.112325,-1.07078,-1.16651,0.764417,
2.44037,0.0635936,1.49494,-0.398718,1.71685,0.43805,-1.50205,-0.847663,0.0592776,
0.193973,-1.4559,0.125907,0.671506,-0.411838,0.234936,-1.34326,-0.123715,0.24328,
1.15521,0.0991566,0.50769,2.80468,-2.25808,0.585038,0.721693,3.02801,0.079823,
0.183592,0.00885882,0.54737,-1.0071,-3.71063,0.0984219,-2.79435,-2.48384,0.323826,
-1.22563,-0.112676,0.937226,-0.114607,1.23748,0.605708,2.50624,0.0211492,0.318215,
1.52981,0.32115,0.699603,-0.244086,-2.49345,0.574362,-0.180785,0.967883,0.0656121,
2.32919,0.170155,1.05139,3.33643,-0.713706,0.175295,1.84279,-1.8531,0.185185,
1.22418,0.0229098,0.949795,2.1704,-1.39339,0.840023,-0.148045,2.06375,0.000747901,
-2.39225,0.833359,0.653434,-0.719646,-3.48066,0.276161,-0.510971,-2.45061,0.492072,
-0.435703,0.230561,0.143266,2.70762,0.66246,0.318907,2.16874,-4.38878,0.182228,
2.6572,-0.058307,0.931662,-2.80224,-2.86894,0.0363781,-1.64208,0.36435,1.06442,
1.82283,-3.07509,0.089883,-2.81483,1.78389,0.654627,2.53767,-2.7974,0.890464,
-2.14086,-0.253871,1.10343,-0.687369,1.18759,0.816846,2.27961,0.184138,0.201988,
2.97025,-2.39476,0.140667,2.92669,-0.813248,0.273257,-3.28328,-2.82012,0.140192,
1.62015,-0.00584329,0.0813971,-0.914953,0.0972659,0.630397,0.322356,-0.119027,1.21295,
2.83518,-2.13928,0.0153899,-2.60929,0.553368,0.808568,0.0719343,2.69296,0.269532,
1.43084,-0.0333723,1.60589,2.58147,-1.47247,0.0143053,-2.97123,0.437829,0.494852,
2.71353,-0.506948,0.14349,2.18203,0.657477,0.620815,0.0511175,-3.07635,0.648565,
-2.61265,0.0201503,1.11599,-0.2189,-0.245507,0.438249,2.18967,-1.30086,0.56232,
-1.62864,0.34043,0.444205,3.10538,-1.6367,0.202828,3.17871,1.07865,0.677473,
-2.77685,3.36531,0.116607,-2.27584,-1.40442,0.21367,2.66935,-0.468738,0.174883,
2.93096,0.00250208,1.5266,0.594491,1.83864,0.0205127,-1.8108,-2.90133,0.497325,
-2.94808,0.00303335,0.324837,-3.58391,-2.11305,0.38976,-3.61365,2.71029,0.19518,
2.93904,-0.235568,0.185005,-0.893791,0.250355,1.26995,0.576169,-0.666659,1.16679,
-2.86883,0.723328,0.00323311,1.10823,1.36849,0.0143032,-1.10797,1.12206,0.650563,
-1.15575,-2.66789,0.110615,2.64485,0.445799,1.18395,0.133865,2.32329,0.119593,
2.583,0.286342,0.39572,1.77509,-2.0351,0.00973295,2.52885,-3.53652,0.438552,
2.60779,2.70131,0.0233824,2.52511,-0.513091,0.963235,2.93909,2.96751,0.683105,
-0.566423,-2.76221,0.0308225,-2.17675,0.801844,0.34719,-2.11104,2.56988,0.523273,
1.05214,2.42531,0.0314862,-3.0891,-0.259186,0.751418,-2.32948,0.0635905,0.617632,
1.78697,-1.20429,0.259847,2.77594,0.513842,0.501214,-2.50791,3.44717,0.185354,
2.79309,-0.65094,0.245226,-3.24481,1.09784,0.837312,1.14882,-2.34269,0.288934,
3.19867,-0.877178,0.191657,2.45521,2.64697,0.36436,-0.242764,-3.27074,0.688799,
4.7431,5.15578,0.0865596,-1.70103,-0.633049,0.00268178,-0.252421,-1.76268,0.23632,
-2.01222,-0.0247385,1.23422,1.30199,2.1149,0.18679,1.26155,2.37896,0.5248,
-2.15632,2.09522,0.269018,-2.96046,-1.92141,0.33557,2.09741,-1.62158,0.359632,
2.64008,3.39851,0.252115,2.43448,-2.53274,0.194161,2.42041,-4.27213,0.349931,
-1.92823,1.52847,0.0495893,0.0256845,-0.978915,0.785371,0.540738,0.389683,0.526901,
-2.30337,0.010171,0.340254,-2.88953,1.77585,0.440442,0.00377002,-0.435566,0.271002,
2.26339,-0.361924,0.269293,-3.83817,-2.94787,0.293924,-0.32364,3.807,0.301238,
2.76319,0.0685313,0.752919,-1.88813,0.420695,0.471232,2.79715,2.64218,0.210947,
-2.3124,0.0450291,0.893495,2.85977,2.95944,0.0823816,-0.389021,-1.22556,0.572366,
-0.166931,2.72991,0.289753,-1.44459,-3.04925,0.735421,1.38321,1.54934,0.025615,
1.24239,-1.0125,0.585616,-0.861299,2.36146,0.29361,1.22567,0.60456,0.2745,
-1.91393,0.228779,0.610742,-2.92405,2.24445,0.434443,-1.70107,2.80773,0.00228478,
-1.98469,-0.732976,0.155977,-0.388373,0.906697,0.744499,-3.78544,-0.67559,0.192602,
2.63425,-0.185416,0.887468,-0.27282,-2.37544,0.189932,0.272495,-2.847,0.308799,
3.51668,2.514,0.0702467,2.18436,-2.83015,0.126041,1.50211,-2.32324,0.252462,
2.20227,0.0196485,1.70846,-0.405693,0.184748,0.759353,1.65771,-0.883067,0.463883,
1.81353,-1.27572,0.443277,-1.27659,3.14957,0.353587,0.990395,2.49639,0.490312,
-2.44532,0.00241059,0.919178,2.70278,0.679114,0.441765,2.5283,-2.91802,0.512023,
2.11405,0.143452,0.837282,-1.46808,-2.01351,0.129772,-0.805205,-1.66939,0.699804,
-2.08629,-0.151851,0.972269,-1.14112,-0.768442,0.205247,2.63484,2.78193,0.361495,
-2.98704,-0.315917,0.453964,-1.25741,-2.33016,0.203121,-1.84832,-1.53867,0.270549,
2.22874,0.607434,0.287545,-2.53932,-1.19076,0.228409,-0.105839,-1.42228,0.69,
1.362,-0.959011,0.0720908,2.40067,0.676527,0.991135,0.316788,2.24759,0.091664,
2.60406,0.125894,0.703071,-2.70166,-0.364835,1.14286,0.080553,0.203724,0.0301738,
2.57807,1.67677,0.148319,0.461213,2.15112,0.336225,3.1977,-0.7399,0.17419,
-2.53006,0.10361,0.0858273,-1.43774,-0.0546842,0.551983,1.11945,2.89309,0.574922,
-2.65983,-0.0156278,0.833738,1.33444,0.0210212,0.072833,-0.325095,-1.50927,0.101031,
-1.69738,0.264981,0.402704,1.94815,-0.164589,1.8527,-1.08139,-1.76034,0.226669,
-0.844625,4.704,0.07163,-5.73097,-2.40564,0.0200962,-1.17181,-5.95745,0.119768,
0.0352132,-1.40676,0.209762,0.729479,0.800685,0.316511,-2.90563,-3.21749,0.0316339,
-2.93743,2.00781,0.233492,-1.50203,-2.49553,0.0457815,-2.8036,-2.12845,0.602698,
3.3188,-0.70474,0.572703,-0.144461,-0.579944,0.144701,1.20903,1.76434,0.129591,
0.88398,-0.000488575,2.41709,-2.93327,-0.953808,0.418173,1.61657,3.08777,0.391022,
-0.563567,-2.05292,0.0812561,-2.35558,-0.0140811,0.19304,2.49233,0.0559915,0.885998,
3.494,-1.9397,0.252204,0.523227,0.39308,0.329458,-2.27068,-2.46403,0.030087,
-2.98883,1.8995,0.0869663,-2.49247,-1.16317,0.630418,-2.99534,2.3473,0.130309,
-1.24822,1.84421,0.0276854,2.93547,-0.0956252,2.64991,0.359977,2.99298,0.602573,
-1.55229,-0.0129004,2.24748,-1.88287,1.24655,0.101869,2.14371,-0.0908201,0.819985,
2.08866,0.217607,0.686194,1.70863,-2.36954,0.224735,-2.52615,1.0473,0.730592,
-2.12309,-0.603678,0.266281,-1.99739,0.75675,0.564647,-2.7514,0.308971,0.373175,
1.71759,0.419374,0.24998,2.6433,-0.186805,1.05421,0.414031,-1.20004,0.164559,
1.81537,-0.153206,0.820693,-2.42206,-2.83409,0.185957,0.604959,1.74895,0.0660368,
-1.22935,-0.0588031,0.162963,-2.58055,0.124244,0.882917,-0.798987,-1.28292,0.903156,
-1.76089,0.217954,0.626141,0.102005,-2.02933,0.259536,-1.17978,-1.80176,0.372477,
-2.67201,0.015629,0.418294,1.1422,-2.52431,0.29084,1.03912,2.77346,0.250013,
2.47291,-0.0705321,0.0865747,2.7698,-1.17437,0.500477,-2.34121,0.736653,0.409192,
-0.781544,-2.38814,0.0162423,-2.64094,-0.418533,0.499962,-1.01289,2.72808,0.121602,
1.88338,1.03616,0.301413,1.22751,-2.02965,0.441017,-1.83911,-2.73101,0.15617,
-5.60838,-3.36578,0.0757584,-2.52339,1.23198,0.0856423,2.73793,-2.42148,0.284915,
2.90294,0.105923,0.65786,-0.179429,-0.875019,0.336359,-2.86746,1.57568,0.512104,
-0.196076,-1.43437,0.0138649,1.67119,-0.777029,0.299389,-1.21203,2.44718,0.705662,
-0.1141,-0.433188,0.329365,-2.49632,0.878656,0.841515,1.15206,1.52142,0.240428,
-0.821809,-1.93856,0.238317,-2.85271,1.24531,0.942677,-2.39937,-0.505174,0.371637,
-1.31411,-0.0206297,1.95473,1.86578,-1.99807,0.216881,-1.36639,1.93142,0.460678,
-2.62774,-0.109793,0.685392,-0.96218,-0.231048,0.0238573,2.40926,-1.0213,0.151595,
-1.46735,-2.13316,0.134558,-2.4733,0.866228,0.685359,0.247657,2.68141,0.164137,
-2.09472,2.35147,0.142987,-1.86587,-2.34086,0.396103,0.286789,-2.65986,0.236539,
-1.66663,-3.02029,0.0663394,-1.46878,-0.694041,0.255506,0.276045,2.38996,0.19568,
-2.57483,0.50175,0.449535,-2.70998,-0.181736,0.925472,-0.0491758,-2.32705,0.193913,
-2.67614,-0.0626498,0.921168,1.90927,2.28086,0.26139,-1.58597,-1.9433,0.62754,
-2.46978,0.543002,0.400411,3.09363,-1.16018,0.803156,-1.3364,-2.20771,0.169247,
1.14783,-0.132452,1.15848,1.3702,2.8258,0.0341221,-0.190629,-0.938824,0.197118,
-0.979206,0.859206,0.137007,-3.46553,0.747964,0.333869,2.36688,1.61825,0.0296436,
-0.691261,-0.0284405,2.36778,-2.17325,-1.99085,0.0850076,-2.6692,0.878718,0.645714,
1.53345,0.108381,1.11007,0.819135,-2.86845,0.431624,-1.29235,0.740765,0.162135,
2.79522,-1.278,0.496839,1.90843,3.06686,0.554827,3.39358,-0.576352,0.148914,
-1.40622,0.182163,0.855017,0.629482,-1.11536,0.551194,0.821293,2.01575,0.890469,
-0.751004,1.43626,0.185371,-1.23914,-3.11672,0.398215,-3.30424,4.60139,0.156162,
-2.37841,0.0804244,0.527082,-2.97359,-1.73278,0.604306,0.384084,-1.92934,0.00142222,
-1.62474,2.7447,0.122564,-2.63512,-1.02077,0.0824771,-0.565492,-2.19565,0.534214,
-1.26517,0.332725,0.462753,-2.91467,-0.0277103,0.0994487,-0.629438,-0.622521,1.0218,
-1.11409,0.61288,0.24948,-1.43703,-0.309576,1.48173,2.30743,2.00954,0.0763411,
-0.569369,0.000215949,4.35052,-0.268303,2.96375,0.30382,0.544032,1.61103,0.118571,
-2.60994,0.311432,0.535636,-1.99387,2.68177,0.108584,-0.577958,-0.929591,0.0125968,
-1.66709,-0.162838,1.06153,-2.06537,-0.992034,0.265252,2.6893,3.16559,0.268828,
2.64883,2.38466,0.0700342,2.6417,-0.15079,0.631335,1.85901,-0.213328,0.212044,
0.0442846,2.05807,0.0695948,2.36867,-2.15015,0.204003,2.61992,-2.04814,0.403035,
4.07047,1.37868,0.141604,-0.683209,1.59828,0.141532,1.84524,-0.292659,0.299473,
0.654416,0.0330646,0.766288,0.682261,-2.01216,0.0181925,-1.0586,-0.491848,0.433424,
-2.16128,0.254396,0.793535,0.285168,-1.50376,0.396015,1.25908,2.05539,0.450828,
-1.2096,2.71976,0.0448638,-2.5468,-0.599111,0.421321,-1.79556,-2.94481,0.332869,
-2.73589,1.64143,0.176463,-0.143871,-0.052998,0.0273825,-2.86183,-1.79701,0.785022,
-2.61807,0.160419,0.627767,2.15872,-1.13602,0.0917592,-1.76608,2.58251,0.299518,
-2.1913,0.437081,0.764999,2.08342,1.65209,0.11224,0.720012,1.36372,0.177154,
3.17427,0.383762,0.562278,0.973721,1.42275,0.289165,-1.2033,-2.13154,0.0785899,
1.39297,0.0138475,0.936692,2.22211,-0.153852,0.494462,1.75248,1.28463,0.174684,
1.28071,-0.209533,0.659309,-0.312705,-2.80363,0.117306,-2.7591,-2.35109,0.339902,
0.442381,0.0715276,1.07587,1.26364,-0.851101,0.769416,2.07654,-1.54536,0.411853,
-3.31488,-1.04183,0.385366,-2.28817,-1.93138,0.114388,0.264299,-2.75482,0.0808407,
2.04026,-0.0398637,1.47772,1.20087,0.472837,0.317641,2.11847,-0.0193855,0.525836,
1.31595,-0.148289,0.604581,2.94195,2.73829,0.252354,-1.34759,-0.417336,1.30494,
-2.32486,2.66198,0.0958511,2.39194,-1.69362,0.482304,-1.10567,1.9629,0.250922,
-2.69495,-0.0771361,0.668465,2.93717,2.09096,0.202539,-2.6424,-0.819865,0.947042,
1.50013,1.68358,0.176196,3.44983,3.565,0.0682846,3.33528,-1.88981,0.111578,
-3.26461,0.39521,0.245387,0.824475,-1.21537,0.199673,1.49609,1.33493,0.60851,
1.59094,-0.35208,0.181547,-2.98319,1.78033,0.254713,2.78123,-1.46571,0.271297,
1.50828,1.17216,0.157611,2.48259,0.367802,0.0841414,1.07896,-1.916,0.152072,
-1.21628,-0.985513,0.111257,-1.29105,-0.311627,0.341255,-0.0716486,2.68039,0.342336,
-2.71264,-0.181735,0.16391,-0.946598,1.28709,0.313972,-1.20875,-2.70816,0.520431,
-1.16083,-0.232193,0.621988,-1.81591,-2.95509,0.204785,-0.31803,-1.66906,0.0528881,
-1.43438,-0.0762936,0.788127,-1.95806,2.39317,0.219648,-0.841992,0.124637,0.465072,
-2.25778,0.903572,0.45931,-0.122702,-2.98034,0.123529,-1.98474,-2.85285,0.370637,
2.01406,-0.0126257,0.755001,1.64807,0.063482,0.940101,-0.550671,-2.99627,0.197642,
2.52881,-0.267111,0.113521,1.89885,-0.187349,0.833679,0.874191,-1.53984,0.226854,
2.44098,-0.514272,0.470603,-1.67868,0.768215,0.926258,0.926931,-0.872734,0.649981,
-2.82343,0.63583,0.353789,-2.52988,-0.677455,0.707905,-1.51529,-2.52932,0.287891,
1.85433,-2.83471,0.197451,2.34527,2.95255,0.399308,-2.05518,-0.370178,0.242382,
2.20609,-3.28208,0.00228783,2.46344,-1.92322,0.100868,-0.563553,-3.03658,0.136142,
2.27063,0.641007,0.242182,0.547098,0.14517,0.48238,1.0121,-1.48458,0.142327,
-1.7849,0.258382,0.87579,-0.0426758,-2.87812,0.15691,-1.87584,-2.53308,0.520072,
-0.508907,-0.0437275,0.984905,-2.9016,-1.52299,0.112301,2.0008,-2.02355,0.197156,
-0.853036,-0.0577837,1.82448,2.58614,-1.36494,0.1891,-0.88766,-0.136031,0.401419,
2.60909,0.071361,0.809381,-2.86219,0.579717,0.175197,2.83034,3.1079,0.21491,
-1.22092,2.12567,0.328718,-1.02167,-3.13492,0.406399,1.82516,-1.75302,0.214331,
-0.865627,1.67396,0.0942103,2.49984,-0.769742,0.41758,2.55997,-0.653508,0.678439,
-1.69782,1.53466,0.330853,-2.77358,-2.90635,0.623855,-2.84587,0.723602,0.139488,
-0.707095,-0.238331,1.05551,-2.45476,-2.21999,0.266797,0.965676,-1.83704,0.148679,
0.642321,0.786647,0.359178,0.0153881,-2.25935,0.204617,-1.31509,0.345867,0.875489,
1.58868,-0.100869,0.34941,-0.352131,2.46273,0.0646467,-1.14487,-2.08969,0.0327284,
1.69303,-1.85281,0.213684,1.43333,2.6236,0.171016,-0.59873,1.14391,0.121017,
2.22183,-0.72152,0.25487,1.28556,1.25987,0.481496,-1.37457,-1.78047,0.735999,
1.65003,1.84668,0.0502592,-1.61084,-0.507866,0.950056,2.77409,1.54212,1.00876,
1.48378,1.79178,0.180805,1.22532,-1.96904,0.377741,1.64718,-3.05756,0.400076,
0.166869,0.659963,0.105475,2.65306,-0.552516,0.38415,-2.33291,-1.96002,0.306965,
1.90477,-1.8,0.230428,1.04047,2.29268,0.492384,-2.50918,-0.845791,0.553851,
2.36651,0.304108,0.282838,-1.39138,2.99728,0.0497287,2.3187,-2.97388,0.586678,
-3.08329,1.48142,0.268611,-1.58311,-2.30407,0.493166,0.201788,2.34839,0.752119,
2.03937,0.055712,0.0277251,2.5432,-1.59818,0.266889,2.84144,-1.1095,0.377329,
2.5574,-0.279088,0.120414,0.438687,-0.0187856,1.22612,-1.39619,0.769043,0.0307448,
1.34449,-0.3052,0.368497,-0.236345,-3.50973,0.17435,-1.83503,0.486523,0.0204825,
-2.51216,0.45128,0.0572129,1.63248,-0.647872,0.599261,-0.956172,2.25569,0.845199,
2.39804,0.0045424,1.21699,-0.379613,-2.26597,0.0994984,-1.97328,1.705,0.185454,
-1.56894,1.25777,0.30298,-1.94532,-2.08075,0.283302,0.00599578,-2.58894,0.227433,
2.23983,-0.361456,0.0227531,0.907124,1.11434,0.12488,2.85511,-1.35229,0.770912,
1.66338,-0.382334,0.391804,0.087236,2.256,0.142352,2.09342,2.84443,0.204066,
1.62421,2.04194,0.0963396,0.774885,-1.02715,0.660272,-0.763335,-1.88687,0.157392,
-2.40733,0.362748,0.514583,-0.918524,-1.75777,0.0781829,2.25844,1.24641,0.363662,
-2.183,-0.0112987,0.650199,-2.96853,0.572298,0.184155,-1.86641,-0.69382,0.237215,
1.96518,1.9726,0.28795,1.61683,-3.77223,0.132076,-0.586412,-0.499241,0.479323,
1.86376,0.258281,0.379909,-0.431941,-3.65233,0.203474,-0.985036,0.591819,0.0325327,
2.65801,0.121481,0.185061,2.38902,-0.12963,1.04866,-0.746261,1.28759,0.0444961,
2.21328,0.563214,0.0939145,0.506322,3.2175,0.0550471,2.4014,-2.73169,0.110815,
-1.36389,-0.308958,0.66328,2.60741,2.7733,0.533693,-1.34424,1.2841,0.313437,
-2.21554,-2.98157,0.089975,-1.81729,-0.621118,0.153891,-2.37328,1.79017,0.339634,
1.54822,0.615993,0.393432,-2.75894,-2.46251,0.0145558,1.85308,-3.21828,0.741419,
1.3336,0.00730893,0.274954,0.0464172,0.097486,0.445827,1.5777,0.15289,0.767824,
-1.67907,2.38379,0.273018,-0.638556,-2.77478,0.401811,2.77811,-1.51069,0.146842,
-2.94689,-0.0880172,1.18051,0.629799,2.76366,0.150741,0.0964901,-0.348995,0.842063,
1.04583,0.000669384,2.35974,2.86689,1.13464,0.369224,-1.42003,-2.9233,0.575089,
0.572508,-3.02193,0.0771891,-2.2843,1.58884,0.516812,-2.70358,2.76369,0.247431,
-0.543636,-0.100915,1.01753,-2.10064,2.84966,0.51999,-2.77448,-0.73248,0.415451,
-1.55356,-2.66528,0.102915,-2.44219,1.26558,0.553319,0.0889745,0.432012,0.210375,
1.9374,-1.17629,0.116839,-0.259167,-1.65673,0.141223,0.266262,1.9462,1.0244,
-1.86941,0.00322865,0.783699,0.458422,-0.363812,0.377697,-1.27903,-2.94159,0.305126,
-1.44178,-0.449719,0.378337,-0.331589,1.02801,0.403704,2.09003,-0.0714781,0.00134123,
-2.91636,1.50561,0.146688,-2.505,-0.631043,0.415299,1.51065,-2.62189,0.00307324,
1.75172,0.627865,0.390837,-2.89815,-0.782308,0.906028,-2.49781,2.81823,0.772484,
1.16173,2.7279,0.090232,0.474249,-0.641073,0.150541,2.80356,-0.986262,0.559834,
-1.25735,-3.08181,0.120802,-0.428757,-2.55427,0.222204,-0.354745,4.51599,0.266665,
-1.95746,-0.000667755,0.912958,1.55617,-0.533463,0.383424,-1.10477,1.53535,0.441153,
-0.855961,-2.14095,0.287316,0.464372,0.0486945,0.128151,-1.89115,1.48212,0.741259,
2.47565,-0.57679,0.017458,0.464066,0.0865713,1.5846,-2.71148,0.349178,0.26001,
2.60094,-1.95994,0.237209,0.506523,1.88118,0.625152,0.752515,0.981354,0.424683,
1.85359,-1.70237,0.141489,-1.60993,0.767554,1.23025,-2.45299,1.45202,0.335488,
-0.494651,0.078816,0.243508,-0.901551,-0.161613,0.933325,0.753858,-1.29266,0.394666,
2.67206,0.0581298,0.21552,2.70879,-0.470054,0.706433,2.12903,0.979466,0.187181,
-0.653941,0.458454,0.907347,-2.16536,-3.21058,0.367557,0.0564033,-0.722379,0.248883,
3.76374,-1.76155,0.180405,1.25789,3.12789,0.0433314,-2.06085,-1.49439,0.24312,
-0.817909,-0.0118413,0.456537,-2.60776,-3.13441,0.0893862,2.53885,1.48645,0.166947,
1.19297,0.0303053,1.81957,-0.177991,-1.84597,0.127146,2.66028,0.199638,0.387286,
3.37155,2.51743,0.207557,2.99418,-1.13279,0.19659,-3.54188,2.52461,0.324109,
-1.42638,-0.500306,0.512208,0.376235,-2.20377,0.312682,1.65724,-3.01929,0.0533513,
-2.93564,-1.21945,0.0571362,-1.85104,1.27176,0.161367,-2.17976,-1.54964,0.601928,
2.58729,0.0860816,0.232916,0.542423,0.215458,0.0698507,-0.0748839,-0.0228835,1.86538,
-2.6991,-1.46494,0.358108,-0.174296,2.51381,0.399929,-0.849812,0.0360382,0.0249703,
0.917285,0.016975,1.11985,-0.249044,-0.900016,0.287059,-2.83099,-1.83808,0.365484,
-0.596338,0.90034,0.449687,-1.72137,-0.442832,0.0824066,0.881047,2.33868,0.171613,
2.88529,-0.0201355,0.459055,-2.87448,2.77372,0.105571,1.29881,-2.36907,0.455787,
0.537876,-0.0499444,1.61823,2.65086,2.3304,0.587905,-2.20789,2.74015,0.107012,
-2.76297,-1.30304,0.270521,2.66958,-3.35064,0.167027,-1.93019,-1.63229,0.234,
0.800531,0.214748,0.635978,0.799769,-0.452806,0.539471,-2.92261,-0.168094,1.12111,
1.66565,0.0125678,0.442807,1.05823,0.527965,0.201755,-2.36864,0.0965291,0.240594,
2.52093,1.76975,0.0429397,2.33314,1.16949,0.173876,1.12539,-0.843102,0.619605,
2.94785,0.42476,0.406268,1.4413,-1.30204,0.772583,2.46582,2.59944,0.252981,
-0.71203,1.98736,0.173629,-1.14279,-2.78016,0.444427,-0.597182,0.565464,0.0788227,
-2.22422,0.655091,0.4812,1.568,0.619041,0.0309063,2.88952,-2.62782,0.495652,
-0.452223,0.147673,0.907659,-2.92131,-0.574199,0.599658,0.202602,0.132966,0.901694,
0.578003,-1.83661,0.0381617,2.63203,2.63488,0.199275,3.05941,-1.00556,1.35344,
1.10773,0.0237105,1.00165,-1.03708,0.0270492,1.39725,-2.55167,-1.81579,0.714071,
-2.94619,0.0327639,0.524515,1.08962,-0.0419374,0.203955,2.85443,0.949164,0.243884,
1.41491,2.01604,0.133631,3.40977,-1.88108,0.197657,-4.45436,1.2503,0.0691705,
2.21013,-1.18914,0.0686231,-1.9168,-2.95717,0.2353,-0.63578,3.90053,0.347044,
-1.27724,-0.50865,0.460161,-2.36316,1.32493,0.515965,-0.599348,2.49142,0.111873,
1.98409,1.49287,0.0017361,-1.55018,2.88732,0.0993783,-1.27181,-1.80833,0.629141,
-0.677881,0.171668,0.841864,-2.48043,-1.83026,0.548537,-2.31408,-0.464442,0.28403,
-1.07677,0.196899,0.833208,2.41936,0.993076,0.139759,-2.96981,-0.627842,0.18146,
1.45042,-2.22157,0.0483555,-2.38117,-1.40942,0.0690744,1.03642,-0.991705,0.179714,
-1.11559,0.0740847,1.03462,-1.09211,-0.127169,1.55247,-1.85246,-2.89126,0.130566,
-0.434845,0.340876,0.541185,-3.73501,-2.66727,0.453705,-1.01194,-0.578521,0.0156064,
-1.69937,-0.785462,0.600224,-2.19935,2.2707,0.0808956,-1.09276,-2.21595,0.124965,
-1.86827,0.419577,0.438418,-1.99568,-0.95679,0.235572,-1.00292,-1.17535,0.076518,
1.97718,1.84451,0.211363,0.539852,1.13541,0.134047,-0.217047,-1.178,0.235374,
2.09423,-1.40074,0.182198,0.526913,-1.55946,0.00791107,1.3728,2.77323,0.364178,
2.70486,-0.0510266,1.03447,1.21663,-0.446848,0.0578988,-3.01344,1.16812,0.29247,
0.139523,3.09581,0.0584113,-3.02022,-1.89837,0.278661,-0.244995,-0.479827,0.202008,
1.98802,0.274587,0.542924,-1.92516,-1.76194,0.58593,-0.958023,2.48889,0.804775,
0.427913,1.08523,0.116644,-1.40134,-2.67529,0.321743,-2.48878,-1.80313,0.264459,
3.12784,0.364657,0.119639,-0.539825,-1.75116,0.160494,1.74759,1.39038,0.550832,
-3.21919,-2.33645,0.00343456,-2.07348,1.72608,0.107416,-2.15787,-2.58687,0.285439,
0.139535,2.34468,0.0796737,-2.91221,-0.188106,0.769901,1.51366,0.118212,0.402141,
-1.06598,-0.0191581,1.41727,2.22815,1.7167,0.0993043,-1.26015,-0.128729,1.91142,
2.41827,2.12047,0.110665,2.89707,-2.65187,0.13809,1.12677,-1.70627,0.26395,
2.01681,-2.21698,0.0194875,-2.78551,0.0401485,0.627502,-2.84785,0.222146,1.04236,
0.176498,1.38492,0.150172,-1.6282,-2.76249,0.0789224,-1.3766,2.1868,0.399663,
-0.687696,0.792235,0.337192,-2.58949,-2.75582,0.369182,-0.403769,1.718,0.272064,
4.4216,4.41656,0.153821,-0.859893,3.29762,0.157847,0.434424,-1.13416,0.184438,
1.42487,-1.39826,0.149023,-2.21131,2.08501,0.231292,-2.44957,2.42304,0.486858,
-1.35996,-0.0903115,0.955777,-1.67754,-1.00747,0.277213,1.66502,2.57441,0.417467,
0.184989,-0.897674,0.0618819,1.70146,0.0414768,1.17369,0.710231,0.034612,1.18605,
1.4859,0.169862,0.825936,2.18145,-2.43653,0.260979,2.92533,-1.58696,0.507506,
-2.16747,-1.84979,0.0710045,0.821566,-0.0460749,0.0283031,-0.0519263,0.987458,0.273228,
-2.58887,3.09846,0.178641,-0.196881,-2.05049,0.841335,-2.5618,1.13221,0.127743,
1.8028,0.674313,0.0846529,-3.14049,-0.092516,0.245388,-2.50468,-4.19013,0.120771,
1.20315,0.282196,0.421467,-1.29343,-1.81288,0.16559,-2.83079,0.920504,0.778904,
-0.526219,-0.0315582,0.86068,-0.095164,0.680159,0.0109642,-1.69111,0.553557,0.695619,
-3.09385,-0.576889,0.14512,1.65299,2.14043,0.349956,-1.77055,-2.2061,0.567465,
-2.02502,0.718591,0.339729,1.05591,2.20488,0.0993631,-2.95637,-1.42892,0.747918,
0.941319,1.0514,0.280725,1.87047,-0.734734,0.970639,1.20654,-0.189721,0.331448,
-1.80445,0.198894,0.653219,1.49872,-1.85838,0.160887,-0.52221,-1.73931,0.227848,
-2.35529,2.60736,0.0230039,-1.70701,-0.00307635,1.30964,-2.20716,0.52474,0.348018,
-0.826247,-0.830378,0.230368,0.550298,0.407993,0.0107781,-1.748,0.858397,0.84651,
-1.50254,-0.51921,0.652913,1.69473,-1.12283,0.201113,-0.724238,2.73027,0.0752223,
0.066545,2.4684,0.105863,2.20631,-0.239988,0.27712,0.148026,-0.180181,0.190623,
2.61376,3.4966,0.246667,-0.882217,2.08373,0.0214743,-1.04733,-1.88557,0.487522,
-2.04328,-3.28698,0.18692,-0.0208149,2.6642,0.288646,1.88011,-2.57763,0.193258,
-1.74215,-0.334159,0.500666,-0.898495,1.74041,0.374977,2.86119,-3.02388,0.100335,
1.73684,0.102508,0.169562,-3.42653,-2.62912,0.186273,0.304571,3.56061,0.255274,
0.454401,-1.01345,0.427964,1.47234,3.00652,0.327183,-1.48853,-0.332507,0.145966,
0.578474,0.294408,0.520252,0.582913,-2.64651,0.00250901,0.257441,-0.859167,0.82829,
-1.80414,0.311169,0.371699,1.90485,-0.955462,0.330975,1.36548,-3.06505,0.0447539,
-1.47407,-0.838833,0.437116,-0.656984,2.8388,0.324056,1.10875,-1.49289,0.183196,
-1.0947,-2.16487,0.102769,-2.47831,2.87425,0.289245,0.886312,-1.26367,0.614977,
1.9283,0.700986,0.140919,-0.736855,1.56455,0.0835137,1.45318,1.72823,0.204844,
1.86552,-0.0136645,1.15682,-1.31591,-3.11564,0.109596,-0.117915,3.08851,0.585184,
1.95495,-0.547609,0.193019,-1.70366,0.785912,0.551408,-0.774124,3.07045,0.392221,
1.54095,-0.939844,0.248282,1.91701,0.848092,0.20346,0.700999,-0.258832,0.295953,
-0.730332,-0.652551,0.192257,-0.498895,-1.23138,0.0567393,3.51648,1.09434,0.698027,
2.17632,-1.9648,0.214827,-0.361855,1.91996,0.28619,-1.22355,-2.47247,0.13971,
-2.5415,0.427521,0.213038,-1.68023,-0.257359,1.38144,1.07418,1.26959,0.152791,
-2.58139,2.37041,0.128047,-1.31773,-1.70433,0.259067,-3.28021,-0.675107,0.39911,
0.198225,-0.00670658,1.00389,-1.51793,0.921321,0.0171672,-1.99136,1.18131,0.978706,
0.90673,-0.227953,0.320896,-3.05811,0.625508,0.561543,-0.771729,-0.568983,1.05275,
-3.65513,-0.95958,0.493951,-0.557549,-0.0261863,0.234757,-0.854266,0.487288,0.0818302,
-2.7114,-1.32179,0.360409,-1.00075,1.82492,0.430921,-1.18208,-0.0474129,0.336402,
1.97696,0.174953,0.636572,0.911733,-1.11024,0.0932661,2.57451,0.823099,0.169139,
2.63173,-0.009342,0.721423,0.527409,0.942407,0.417388,-0.390919,-2.27504,0.85549,
-0.169329,2.43497,0.189209,0.43014,-2.95575,0.374054,-1.50881,0.629135,0.0566606,
0.784566,-0.50558,0.663711,2.81999,1.69346,0.622522,-0.251186,0.197106,0.165948,
-0.300399,-0.0763743,0.648261,-1.42539,2.63957,0.465911,0.0144874,-2.81704,0.167545,
2.13681,-0.102396,0.413705,-1.4836,-0.669835,0.104701,0.0579387,-2.42459,0.26459,
-0.749032,2.22208,0.0745905,-2.2208,-0.132119,0.419912,-2.15123,-0.481253,0.557349,
1.32953,-2.76367,0.0410556,2.51578,1.33839,0.638836,1.52607,2.2784,0.054096,
-3.84628,-3.64966,0.166281,-0.898212,1.65824,0.203395,1.52934,-2.47317,0.133926,
-2.31804,-1.85678,0.0937173,-2.7076,-0.0618922,0.344375,-1.85653,-1.98203,0.0336767,
1.11378,-0.124421,0.888753,-0.549608,-2.22213,0.0230728,-1.07501,2.8357,0.416484,
0.734534,-2.09197,0.0698135,-2.61585,2.21441,0.487376,-2.979,-2.53732,0.112441,
2.52702,-2.84369,0.241323,1.17228,1.78455,0.442268,2.08993,0.7843,0.172068,
-0.999095,0.940596,0.0136107,-2.21222,-0.419917,0.665023,0.300459,2.3459,0.516396,
-0.948242,-1.897,0.262902,-2.04536,-0.276635,0.0438276,0.575793,2.10765,0.512619,
-2.58742,-0.647721,0.308745,1.61605,-0.181678,0.128762,-2.78004,1.20357,0.163599,
-2.66466,-1.04495,0.390685,-1.08864,2.54422,0.43082,-2.22207,-0.843421,0.890693,
2.2944,3.24755,0.0479556,-2.51306,0.0221989,0.300009,2.19972,0.816173,0.317433,
-2.79313,2.63531,0.038284,0.784401,0.289873,0.795908,1.51102,2.22425,0.211395,
-0.899869,-1.8863,0.126306,-1.59188,2.21015,0.552815,1.24842,1.95553,0.0911579,
0.919269,0.0692737,0.66161,1.54601,0.526663,0.285158,2.41723,2.95804,0.431773,
-1.9929,-0.640568,0.632196,0.26674,1.86745,0.771881,2.77236,0.44822,0.20715,
1.9456,-0.217591,0.307183,0.102921,-1.67982,0.250639,-2.89127,2.06589,0.85646,
-1.28503,1.08459,0.189447,0.173173,-2.31397,0.215723,-1.47983,-2.45035,0.297165,
2.80816,-2.84212,0.0325973,1.52948,-0.627447,0.512808,1.2266,2.78765,0.0744615,
-0.761752,2.14797,0.0461331,-1.39595,-1.40224,0.0560283,2.47077,-0.161319,1.0388,
1.35149,-1.70563,0.218879,-2.6119,1.03108,0.51299,-1.63264,1.89977,0.36564,
-1.12532,0.418445,0.130262,2.273,-2.72883,0.0306647,-1.77642,-3.00866,0.388321,
-2.35232,1.31122,0.150062,3.11366,-0.492202,0.263475,-1.28895,-0.750999,0.0551242,
-2.29354,2.95638,0.0831187,1.62836,-1.07429,0.585465,0.33123,-3.11125,0.309255,
2.65115,-2.12894,0.263833,2.77807,2.1057,0.478417,0.115129,-1.52885,0.237735,
0.0445172,-0.0205411,0.671307,1.62795,-0.00434433,2.35383,0.390282,0.593742,0.652813,
1.65748,-2.47177,0.219309,-2.4171,2.75087,0.324234,-2.558,0.791677,0.363759,
-2.65613,-0.0517618,0.706025,0.0518493,0.854427,0.361054,-1.16164,-0.871444,0.509549,
2.81601,0.597158,0.614498,-2.70333,2.14823,0.0473156,-1.42144,-3.36162,0.528524,
0.275142,0.0404483,1.85238,0.0360662,-2.22034,0.166747,2.25677,1.67723,0.372081,
1.62003,-0.442569,0.0412441,-0.93973,-0.101221,0.985046,-3.02636,1.10773,0.926512,
0.772946,0.0270612,1.39562,2.54232,0.358416,0.201831,-2.37336,-1.75291,0.351399,
-1.21954,-1.57176,0.266839,-1.81983,3.42749,0.409462,1.20862,-0.568091,0.169952,
-0.798113,-1.51537,0.151022,-1.30189,1.47911,0.328524,-1.62349,2.06233,0.0086797,
0.39184,-0.145132,0.543876,0.698108,1.14491,0.434966,-0.078999,-1.36621,0.899476,
-1.32702,1.78817,0.102528,-1.88217,-0.231958,0.277831,0.0577184,1.91444,0.22534,
3.03197,0.295204,0.683919,2.52873,0.160534,0.0514495,1.50077,-0.57897,0.666767,
0.384627,0.911127,0.14864,2.46312,-0.655206,0.685228,-0.735094,1.20247,0.12783,
-2.63535,-2.24828,0.0377692,-3.17122,1.55088,0.131129,2.80858,-3.75685,0.226925,
0.882786,0.934538,0.439438,1.57848,-2.27528,0.261716,2.34389,-0.00407451,1.05759,
-0.314469,0.0332805,0.997146,2.54337,-0.480463,1.19742,-0.00674223,-1.33844,0.129135,
1.872,0.452735,0.463762,0.600452,-0.937801,0.933733,2.75666,-2.099,0.0849368,
-1.08573,-1.47837,0.31009,3.00615,1.26526,0.645333,-1.53055,-0.222141,0.422077,
0.0374241,2.28678,0.10733,-1.43615,-0.601362,0.52523,2.3233,-1.2667,0.168481,
-0.652231,0.683482,0.29166,-0.578876,-2.06653,0.22575,-0.972861,-2.47782,0.367133,
-1.74758,2.94889,0.0889616,1.68029,-0.378908,0.056754,1.98488,-1.25028,0.742774,
-2.84495,1.60368,0.144892,1.95084,-0.0164457,0.507881,-3.08199,0.269281,0.130048,
3.31211,-1.6411,0.091741,-3.08725,1.65807,0.219062,-2.28102,-2.82131,0.119319,
1.21074,2.57493,0.0731732,-0.227093,2.54713,0.103517,-2.70304,-2.07981,0.41968,
-3.06318,2.22532,0.194782,-1.89416,-0.665597,0.365892,0.7149,-0.0790077,0.0756823,
-1.37116,-0.472685,0.203299,-1.25235,1.42916,0.376747,1.55966,-1.4479,0.868838,
-2.24462,0.953653,0.291691,0.642125,-1.45513,0.53424,-2.74211,-1.32551,0.243513,
-1.73908,0.53751,0.275088,-2.86548,-0.300533,1.13047,-0.880225,0.929398,0.30149,
2.89445,0.243968,0.406818,-2.19628,0.252837,0.108966,2.25439,-2.92394,0.267346,
-2.92961,0.0410208,0.300314,1.02918,3.04437,0.128101,0.126377,-1.78864,0.439855,
-1.63998,0.443998,0.100115,-2.17424,-0.779017,0.367841,0.810744,0.731649,0.581251,
2.00116,-0.0572626,0.255063,-0.894566,2.31096,0.290777,-0.268745,-0.642704,0.0961311,
-1.63666,-0.401451,0.086942,-0.921118,-0.646141,0.286185,1.67033,2.11164,0.725102,
-1.32955,0.450819,0.376565,0.908097,-1.81552,0.427586,-1.0867,-1.85725,0.25881,
-0.232776,-2.43944,0.105642,2.56012,2.47211,0.238784,0.336374,1.62785,0.421979,
1.4265,-0.231817,0.0907468,1.62617,2.14304,0.399406,-1.70793,1.63766,0.0401541,
-1.9949,-0.020239,0.300195,-1.11897,0.0125435,0.738208,-0.552737,-2.08592,0.577313,
0.755062,-0.0617912,1.18042,-2.28665,-2.66551,0.124587,-0.43902,-2.45281,0.0934107,
1.90316,0.462827,0.121169,-0.909663,-2.27074,0.25426,-2.92597,2.8027,0.822412,
-1.46174,-0.0850352,0.41852,0.979761,-1.26634,0.187571,2.06158,-2.78353,0.358373,
-2.78229,0.495299,0.549706,-0.237678,-2.48774,0.274991,-0.15212,2.49459,0.195488,
0.955774,1.35073,0.181709,0.979663,0.760083,0.13077,2.91246,-4.78644,0.180461,
0.384385,-1.05428,0.277614,-3.12232,1.67756,0.411768,-1.31801,-0.7358,0.128559,
2.09414,3.5101,0.100886,2.59885,-0.932911,0.31921,-1.12728,0.192374,0.234881,
0.578319,-3.04162,0.054538,1.47252,0.187282,1.00152,-1.68578,0.303992,0.280429,
-3.08972,-1.51884,0.18843,-0.85079,0.445831,0.139969,1.99929,-2.0277,0.0221992,
2.41443,1.94016,0.315327,-0.49292,1.47728,0.157094,1.9889,-1.01638,0.162894,
-0.22197,0.570669,0.275795,0.890139,0.933694,0.346551,2.40647,0.748702,0.236866,
0.523547,1.81409,0.201423,-2.10148,-1.6029,0.454433,2.11823,-3.00157,0.429136,
3.3924,-1.55589,0.0895968,-2.94641,2.82263,0.184928,0.992819,-2.49914,0.460736,
-2.56562,1.5649,0.118107,-1.55246,-0.641604,0.318244,1.53054,3.06231,0.271059,
1.59559,0.618384,0.104036,0.456529,-0.267518,0.338268,-0.687523,-0.112106,0.852483,
1.06788,2.38198,0.170648,1.32707,-2.67119,0.186564,-2.40784,1.24904,0.61733,
1.35508,-1.33666,0.0963644,1.82381,-0.167292,0.247181,-2.9881,0.924611,1.25088,
2.08328,-0.261106,0.142269,-3.04443,-0.594248,0.0210431,2.41288,-1.82485,0.431719,
-0.325774,-0.583424,0.251862,-1.573,1.07428,0.587607,1.95327,-2.28597,0.0637892,
-1.95494,-0.197604,0.980145,2.79945,0.971036,0.761565,-0.850258,2.45523,0.318922,
3.2308,-2.67882,0.222897,-1.41687,-1.47629,0.164805,0.633407,0.864519,0.102896,
-1.59792,0.0574789,0.720359,-1.7764,1.16383,0.52677,2.5685,2.07482,0.238526,
-0.622234,-0.152622,0.211976,3.06203,-1.15708,0.427196,-1.30337,3.50085,0.18235,
2.40156,2.23032,0.112952,1.87027,-0.224861,0.614849,0.893642,-2.25871,0.205136,
2.56828,-0.565267,0.43364,1.27537,0.730048,0.584082,0.267109,0.0165321,0.521391,
-2.54521,-3.12682,0.163221,-2.70067,1.15293,0.644618,-0.0855601,0.601004,0.395198,
-2.13837,0.206317,0.936163,-0.912956,-1.32483,0.384707,-1.06022,2.06249,0.178883,
0.090706,0.00198067,3.00333,1.2427,-0.622774,0.381071,2.7965,-1.6104,0.427714,
-0.13262,1.76501,0.247009,1.82191,0.572619,0.168152,-0.833979,-1.7687,0.20129,
1.74739,1.83041,0.26333,0.918803,-2.81866,0.716284,1.30143,0.0967551,0.0784926,
2.08706,-1.26335,0.0793305,-0.595574,0.0646575,0.354686,0.955769,-1.18478,0.0688024,
-0.875737,-0.139995,1.20266,-0.882738,2.40318,0.112178,2.34267,1.79163,0.11985,
-2.72413,0.142908,0.242085,0.982328,-0.232339,0.38772,-0.399033,-1.99132,0.457499,
0.298259,-0.1348,1.48219,2.21138,-2.26975,0.113846,-0.341187,-1.41259,0.122633,
-1.55596,3.08241,0.0720365,-1.49771,-3.02601,0.163795,-0.809518,-2.48082,0.118333,
-2.39004,-1.85068,0.0428616,-0.913002,-2.1583,0.00878076,-1.09517,-3.01525,0.301653,
0.263968,-0.559136,0.116056,-1.06275,0.0634934,0.40832,0.145916,-2.43618,0.443724,
-0.184454,0.73978,0.199899,0.335813,-0.55917,1.00704,2.65681,-2.62799,0.358678,
-1.341,0.10073,0.668866,3.04503,1.34457,0.227529,-0.952958,-2.56919,0.328179,
-0.81355,-0.00959961,0.940105,0.776948,0.470895,0.275593,-0.0620867,-2.99726,0.469604,
-1.87528,1.86458,0.470585,0.839317,2.77123,0.0153851,1.48611,-0.644666,0.070297,
0.871042,0.064476,0.341148,-2.73526,3.04179,0.306471,-10.4633,-1.41143,0.0163413,
-1.23502,-1.63653,0.291888,-1.21201,1.16938,0.724495,-0.104494,-0.299382,0.122903,
-0.396857,0.611878,0.0345459,2.82643,1.51637,0.439635,0.769959,1.0414,0.103658,
-2.66314,0.147988,1.04898,1.76045,-2.41112,0.14302,-2.94195,0.0971195,0.837785,
-1.49399,-1.54156,0.0793771,0.0492438,-0.972001,0.227214,-2.68955,2.87122,0.432021,
0.822322,-2.71626,0.0158776,3.26223,1.75444,0.365586,-0.263363,1.62567,0.173277,
0.542479,-0.188097,0.23224,-2.15126,2.93014,0.246646,0.919259,1.40823,0.138891,
1.87769,2.41789,0.153827,-1.44112,-1.56699,0.965491,2.23087,-1.40863,0.14554,
1.84865,-0.601975,0.159261,0.0434235,0.818169,0.428066,-2.50865,-2.0578,0.625077,
0.979571,-0.697067,0.359968,1.807,2.42925,0.33169,0.088994,-0.797401,1.09905,
3.36974,-3.20971,0.138889,-1.20842,1.73275,0.129433,1.25211,2.25726,0.0114423,
1.82895,2.54425,0.17476,-0.947632,-2.78536,0.108649,-2.17274,2.20518,0.461024,
-0.107485,0.311446,0.387123,1.80033,-0.28622,1.30146,-1.33918,0.572421,0.279694,
-0.496327,-1.22167,0.0291969,1.87084,-2.07903,0.145122,-0.235046,-2.11086,0.438339,
-1.1217,-0.560055,0.101652,-1.74627,-0.578757,0.341972,0.0461805,0.866646,0.567691,
-1.7053,1.31391,0.36176,2.19258,-2.0821,0.51759,0.901539,-0.900157,0.296185,
2.27687,1.12918,0.204112,2.69158,-1.31393,0.161627,-2.90555,-0.283872,0.0996463,
1.76205,1.4111,0.0648759,-1.25992,-0.0629428,0.744058,1.33476,-2.15517,0.602037,
2.66444,-2.72585,0.100016,-2.20037,0.943063,0.690287,0.719156,-1.11428,0.421852,
-0.798714,2.07209,0.0384412,-0.0231224,-0.913746,0.0266189,-1.42529,-0.408338,0.799465,
-2.55609,3.09108,0.174585,-0.337788,-0.970439,0.0135837,3.55769,2.98383,0.093573,
-2.37408,1.46894,0.126931,3.00496,-0.0158511,0.569723,1.27382,0.611917,0.0968632,
2.65556,-0.260248,0.362611,-2.22256,1.18797,0.476515,1.53299,-2.71241,0.833624,
4.6397,2.46729,0.188242,1.81878,-1.51816,0.047176,-2.80305,2.30255,0.10499,
-2.83093,-2.05418,0.19894,-2.04887,2.13761,0.105695,1.75868,-1.29127,0.124982,
2.44723,-0.333407,0.356787,-1.17644,-2.7474,0.231004,-1.42021,1.38359,0.229004,
-0.143608,-2.40456,0.0168709,-1.66413,-0.437773,0.625498,0.0134075,1.5463,0.00177518,
0.265468,-0.205908,0.239965,-1.85131,-1.01502,0.297918,-2.94371,2.86987,0.557393,
1.8491,2.28464,0.132166,-2.04981,-2.03093,0.49915,2.90993,1.21403,0.0738214,
-1.41558,0.0285913,0.496932,2.28161,3.03518,0.381652,-1.4099,1.48629,0.178529,
-1.15619,0.319667,0.0597991,-2.17094,1.54234,0.18324,1.5699,-1.0579,1.01855,
1.18854,-0.00709698,1.97316,1.89831,-0.0451131,0.820281,2.18084,-1.65262,0.189247,
1.11676,2.75841,0.0817321,1.4634,-1.69166,0.438042,-0.407756,-1.79797,0.344761,
-1.36197,-2.07485,0.10178,1.43883,-1.58524,0.244315,1.59149,-1.24428,0.243928,
-0.77404,-0.982953,0.384723,0.778097,0.833865,0.0172895,1.15877,1.09911,1.06177,
1.54114,-2.76609,0.0674335,-0.0395982,2.65738,0.238456,2.41828,-2.90691,0.3593,
-1.73613,0.652347,0.423023,2.34373,-2.9207,0.25557,2.92127,0.649276,0.658881,
-3.30272,-1.85077,0.187999,-1.4147,1.57704,0.160076,-0.547443,-0.970844,0.215105,
0.317652,-0.375705,0.55196,0.390868,1.65056,0.343048,-2.45724,-0.609271,1.14153,
-2.21246,-2.59862,0.167894,1.03143,-0.388559,0.44057,-0.219851,-0.0845048,0.385032,
-1.46791,-0.1787,0.125953,-0.803093,0.183227,0.165022,0.860003,-0.425522,0.244733,
0.0622465,-3.02589,0.0449286,0.78853,-1.59689,0.0694344,-2.9045,-1.32854,0.355374,
-0.199627,-1.30291,0.0559748,1.38173,1.50514,0.495497,-0.624163,2.75272,0.132765,
2.70522,-0.460195,0.668854,-0.69632,2.39621,0.43733,2.85725,-2.60488,0.303215,
1.98808,1.29047,0.206194,-0.593446,0.341635,0.0795738,0.187859,-0.959126,0.366435,
-0.270989,1.24282,0.207185,-0.0424194,0.87838,0.0646273,1.19129,-1.21612,0.717153,
-1.35627,-1.28851,0.00952279,-0.71086,2.7001,0.0594917,-3.06224,-1.02599,0.774941,
-2.02484,1.1,0.0998149,1.61564,-0.207365,0.817869,0.281329,-1.88745,0.234894,
2.83548,-0.0372607,0.19344,-2.83922,0.623448,0.479367,-1.0527,-2.01442,0.594596,
-0.259094,0.106957,1.21894,0.892329,-1.77716,0.11617,2.10999,-2.40979,0.173798,
-1.96682,-2.85384,0.0614052,-2.77724,-0.882041,0.271981,-2.5377,-0.46816,0.107544,
2.6762,-2.05207,0.0332236,0.271615,0.867558,0.228069,-1.14403,-0.252892,1.15531,
-2.35027,-1.1676,0.184567,-1.68724,0.100768,0.441202,-0.251394,2.01525,0.820611,
0.179078,-2.39383,0.0741648,3.07485,-1.3773,0.329401,0.181986,-0.626302,0.109671,
-0.989688,2.35037,0.0773835,0.366037,2.89919,0.0205801,0.827955,0.188464,0.621174,
-0.714873,-2.04884,0.164764,-0.9823,0.881779,0.581011,-0.502701,-0.834568,0.638083,
-2.26966,1.68633,0.179444,-0.891806,-0.72216,0.191879,-1.81935,-2.00504,0.0330685,
1.1452,0.0126262,1.34599,-1.67474,-0.832163,0.57481,-1.76623,2.2526,0.124502,
2.0516,0.828388,0.275559,0.924507,-2.97459,0.337723,-0.198737,2.91294,0.244315,
3.31665,-1.66943,0.316292,-1.74114,-0.356833,0.128748,-0.454489,-2.19446,0.0377261,
-0.696904,0.461947,0.00177799,-0.209724,-1.00082,0.443415,-0.66991,1.69639,0.826548,
1.04923,-2.89511,0.0999292,-0.73058,2.04583,0.303642,1.0614,2.85825,0.305256,
0.917026,0.0516165,1.85335,-1.72465,-0.211035,0.452316,1.2356,-1.20708,0.781854,
0.244082,-2.61488,0.0716496,-0.581942,-2.0504,0.397726,-2.22332,-1.59706,0.0304244,
3.07239,-0.0467549,0.117075,1.46634,-1.3307,0.333402,-0.049551,1.79748,0.414878,
-0.893381,0.00183819,2.75255,1.79042,0.486405,0.454559,-1.33528,-3.04304,0.516868,
-1.37653,0.278433,0.116974,2.49326,-0.25535,0.586541,-2.6807,0.311015,0.271351,
-1.4374,-1.40528,0.139581,-2.12607,2.29513,0.0903983,-1.33129,-0.268073,0.76657,
-0.844814,2.90897,0.05261,-2.66698,-2.543,0.29612,-2.17714,0.225125,0.219142,
-0.672031,2.1572,0.260903,-1.20386,-2.97703,0.696419,-2.75904,0.956552,0.141441,
1.95485,-0.666326,0.280611,2.78293,1.32438,0.0758654,-1.40519,0.291386,0.184296,
0.46587,-1.47632,0.161517,-0.752292,1.60889,0.273971,2.89894,-1.36072,0.544671,
-2.1492,0.196094,0.649709,1.49573,2.27317,0.125742,1.66529,-1.55236,0.419855,
0.436386,-1.27205,0.226445,-0.753842,0.663801,0.0626341,-1.13117,2.35283,0.645471,
-2.45123,-1.21393,0.162541,1.23627,2.70603,0.368339,-0.850773,2.87694,0.263994,
2.3751,-0.0911698,0.243333,-1.57248,0.143021,0.804212,-2.4473,-0.074716,0.200043,
-1.69203,1.79138,0.230497,-1.56101,0.471681,0.0722172,0.484213,0.726967,0.224013,
0.101256,0.0483342,0.760541,1.60067,-0.185096,0.205496,2.407,2.26333,0.426719,
0.00389387,2.17379,0.0819199,2.036,-1.18512,0.211606,-2.81433,-2.81307,0.282495,
-1.32202,0.14329,0.535806,-0.343927,1.08767,0.187455,2.03641,0.852471,0.400025,
0.741536,-1.37185,0.0234408,2.05821,-2.01665,0.410696,-2.56928,1.64987,0.100844,
1.00779,0.0495553,1.20914,1.4877,-2.64497,0.218194,-1.96403,2.66319,0.453866,
0.756692,-2.88592,0.0438877,1.79676,-2.91123,0.0647259,2.31664,2.01193,0.238922,
1.03002,0.152529,0.697784,-1.42696,-0.877051,0.48259,-0.303701,-2.97305,0.466477,
-1.39981,-0.0728913,0.191133,-2.02737,1.72407,0.268165,1.97244,0.461785,0.0293981,
-0.558012,-1.93086,0.147401,2.22333,3.03949,0.165218,-1.33158,1.59487,0.546147,
0.46524,-2.21283,0.0141804,-0.111022,-1.16376,0.177136,1.73808,-1.73855,0.375637,
1.86795,-0.178932,0.124894,3.5358,0.595514,0.0745557,1.87862,0.467957,0.610586,
-1.0741,1.47568,0.329213,2.52689,-2.39434,0.633748,1.61759,1.69173,0.305505,
0.175623,-0.0448034,0.499118,-1.08415,0.183429,0.371027,1.80895,0.253948,1.31448,
-0.581549,0.13206,0.0967535,-0.660159,-0.403109,0.593159,0.791833,1.92543,0.591103,
-0.535411,0.243492,0.764576,-0.860944,-2.25937,0.149858,-2.39257,-2.90082,0.345077,
0.309675,-0.676219,0.0832767,1.2283,0.0285327,1.95485,1.99479,0.416499,0.397266,
0.467409,-2.59181,0.072612,-2.75765,-0.0879391,0.0526129,2.0842,-2.39625,0.409679,
-0.764426,1.21732,0.227603,0.591266,0.49711,0.181483,-2.0345,-1.29935,0.196442,
2.82032,1.90144,0.0849624,1.74917,-2.32294,0.0801358,-1.55865,0.0698929,0.390148,
-0.485624,-2.20205,0.0832928,-0.937212,0.423944,0.0817762,-1.98597,-0.825807,0.340366,
0.376537,1.89663,0.0968334,-2.12996,-0.332236,0.870035,0.727513,1.19591,0.280982,
-0.721774,-2.77501,0.0173996,2.40255,-0.190837,0.393,0.527614,-0.234587,0.596764,
-1.11344,0.257177,0.445854,-2.94686,-1.50766,0.124776,2.75521,1.75832,0.122876,
1.38941,-0.0977762,0.457343,-1.04336,0.388366,0.432692,-1.27715,-1.22519,0.337105,
-0.341561,-0.593802,0.255309,1.65569,0.658865,0.547995,-2.81742,0.788793,0.272783,
0.486241,-0.847686,0.117185,-2.62345,0.205133,1.32264,2.60269,-2.71515,0.324442,
-0.673119,2.66716,0.130455,0.259518,-1.07785,0.592055,1.6132,0.658391,0.683035,
-2.42283,1.36119,0.049172,0.308642,2.97393,0.387441,2.57095,2.08741,0.00770923,
1.1924,0.506053,0.0555733,-1.6631,0.0359508,1.62463,-0.644793,-0.295056,1.0248,
0.912493,-0.222613,0.0903571,2.76625,0.0374499,1.00352,-0.306762,-2.39397,0.382247,
-1.10265,2.1148,0.167379,0.991409,-0.674506,0.0495663,2.22573,-1.7872,0.887908,
2.6748,0.226988,0.481592,1.26216,0.718215,0.0211096,0.103202,-0.227312,0.7308,
-2.73488,-1.40493,0.0794734,-2.96329,0.541889,0.259125,-1.54272,-0.194315,0.582271,
3.22243,-0.987909,0.255481,-0.761767,-0.433932,0.108702,-0.907059,-1.23823,0.347868,
-0.13422,0.117034,0.110284,2.78868,-3.06184,0.108583,2.7046,1.32813,0.800422,
1.17828,-2.01334,0.210559,-2.89674,1.29601,0.0975977,-1.16004,-0.845448,0.382856,
2.4623,0.76768,0.306892,-0.524459,-0.147731,0.154964,-2.52343,0.0456044,0.156664,
-0.622436,-0.906073,0.264014,-1.44381,-0.990282,0.329806,-0.858808,-2.00657,0.130765,
-1.31305,-0.615229,0.420512,2.73083,2.55714,0.217371,1.2552,-1.82312,0.212573,
2.40087,-0.375916,0.402961,0.478894,-0.0784783,0.332388,-0.284914,1.36763,0.279642,
-2.29545,0.262251,0.40013,0.0501281,0.302289,0.0630948,0.166668,2.96534,0.391961,
0.198647,0.820259,0.18348,1.53445,-0.73528,0.386067,-1.16312,-1.00555,0.211745,
1.14252,0.194079,0.308771,1.03992,-2.16369,0.0093757,2.52077,-1.40995,0.342568,
-0.149449,0.529737,0.263611,-1.66541,0.386325,0.202094,-1.33383,-3.07486,0.686311,
-2.25802,0.106351,0.202723,1.89661,0.152134,0.946933,0.410106,-0.387245,0.277694,
-2.03234,-3.01449,0.0413338,-0.511128,-2.20993,0.336448,-1.34178,3.47475,0.32439,
-0.272653,0.390707,0.646811,2.4645,-1.2819,0.284284,-1.06947,2.03758,0.024546,
-1.87549,-1.22996,0.278985,-1.81957,2.38949,0.202836,0.145968,-0.012819,1.37058,
-2.73292,1.67811,0.0672979,0.282461,3.25786,0.0297612,-2.99106,-2.24821,0.0791364,
-1.552,-1.36197,0.00871868,0.618937,-3.0217,0.135278,2.70078,-1.31315,0.361965,
2.28342,2.22718,0.0711512,1.3622,-1.65023,0.155199,2.91594,0.303252,0.372068,
1.15953,0.166665,0.333208,-0.959035,-1.5065,0.433319,0.451145,2.77689,0.293659,
0.0752946,-0.0681384,0.3822,-2.97982,0.127131,0.207846,1.41585,-1.87862,0.400655,
2.7803,-2.49451,0.183108,2.69562,2.04086,0.240167,2.52662,1.67038,0.299534,
1.89202,-2.63063,0.263642,-1.36615,2.50427,0.447616,1.21821,-1.94151,0.148376,
-0.438745,0.227002,0.398663,3.03338,-1.80418,0.206866,2.64553,0.975887,1.02421,
0.817789,-0.223317,0.863378,-2.64712,-0.497385,0.0156583,-1.02039,-0.980293,0.256611,
-1.84756,0.151089,0.156438,-0.81626,0.0165037,0.558186,-0.11786,-0.0339348,3.1689,
-0.784387,-0.127734,0.672322,-2.96203,-0.405978,0.223213,2.63836,1.72414,0.0889029,
-0.388882,-0.0700793,1.49141,1.23733,1.59608,0.666536,1.55762,1.51327,0.134651,
4.74444,-3.19298,0.0918478,-0.486968,0.232593,0.243297,4.32593,2.71991,0.0553972,
-0.319114,1.6444,0.476107,-2.30828,2.49024,0.044006,-1.35844,-0.67489,0.239552,
0.169927,1.28485,0.248949,-1.19467,-3.05791,0.381805,-0.667619,1.98375,0.332634,
-1.72348,-1.19438,0.0901334,-1.3107,-1.01822,0.251871,2.70773,-0.783968,0.0238894,
-1.41748,-1.66883,0.0176695,1.30547,0.654568,0.0565466,-1.02038,0.197803,0.390147,
-1.95639,1.26648,0.401871,2.60419,-1.73767,0.0848371,0.321759,-1.02817,0.179424,
-1.05066,1.84887,0.335212,-1.0888,-0.0101794,0.182347,1.70907,1.33939,0.105121,
0.456825,-0.0465568,1.48712,-1.27837,-2.53814,0.13286,1.96061,-0.657549,0.437377,
0.680946,3.07945,0.0841609,2.31519,-2.10339,0.266286,-2.27877,-1.73314,0.430272,
1.4824,-2.13879,0.00875227,1.08408,-0.628244,0.0489126,2.45794,-2.29755,0.337845,
1.8799,1.74517,0.288182,0.257185,-0.907853,0.0978795,2.90691,-1.888,0.470807,
0.752491,-0.204336,0.806604,1.5444,2.07142,0.330552,1.91823,1.71068,0.404326,
-0.516648,-0.893861,0.241281,0.924608,1.69915,0.350863,-1.35075,1.11996,0.306209,
0.944972,-2.2066,0.0369376,-2.4031,-0.387188,0.550449,-0.670243,2.4334,0.315883,
-0.576255,1.21766,0.14858,1.1731,1.73714,0.0606614,-2.13483,1.32003,0.230855,
0.17994,0.223895,0.713607,-1.47248,-2.65436,0.3498,-2.76958,-1.72147,0.445373,
-2.5425,-1.2469,0.0858787,2.79699,-0.212248,0.281587,2.38102,-1.38269,0.33044,
1.48339,1.35307,0.301459,-2.26009,-2.14692,0.587667,-2.13773,1.53687,0.402717,
-0.813993,-0.263004,0.489885,2.34027,-0.118781,0.481399,2.35418,2.04139,0.0223935,
-1.54653,0.649876,0.344739,1.30002,1.06448,0.03376,-2.53726,0.870459,0.0477471,
0.499669,-2.02182,0.0311777,0.445211,-2.64072,0.324624,-2.22911,0.972756,0.0743153,
1.65484,2.95908,0.159674,-0.860411,-1.94077,0.695904,-2.61509,0.93196,0.195054,
-1.30735,-0.738624,0.293037,2.7594,-0.328546,0.303874,2.44085,0.261393,0.285828,
1.3047,0.510123,0.557511,-1.44956,-0.467124,0.139177,-1.00623,2.11403,0.297859,
0.532331,-1.65012,0.159436,1.98229,0.761359,0.756135,3.05919,-0.135874,0.245367,
1.60658,0.168638,0.890834,2.14065,0.76739,0.361234,-1.65559,-2.24459,0.27825,
2.12372,1.19256,0.104159,2.33002,-0.0198127,0.692569,1.12447,-0.870178,0.232155,
1.43286,-0.283668,0.0904096,-1.8924,-2.93872,0.189732,-1.67868,2.49145,0.509285,
0.247239,-2.77661,0.0682442,0.90423,2.98042,0.281641,1.88721,-1.24628,0.357593,
0.935487,1.27836,0.267487,1.12838,-1.39191,0.549891,1.3244,2.30279,0.0435915,
2.4681,0.607951,0.303877,-2.7807,-2.21263,0.255066,2.6841,-1.1456,0.415416,
1.43065,0.230883,0.00432673,-2.00043,-2.88302,0.0102373,2.78589,-1.2477,0.497932,
1.26378,1.03101,0.274151,1.87507,2.04739,0.165249,2.11786,-2.63929,0.406626,
1.95108,2.90445,0.26757,-2.73081,-0.168946,0.122778,3.00558,-2.27796,0.172024,
-1.78894,-2.14286,0.0314651,-2.6337,-1.25716,0.169092,0.937683,-0.744208,0.148449,
-4.30835,1.40924,0.3089,-1.23761,-1.81046,0.0471205,0.527413,0.589345,0.253837,
-1.00588,-0.326767,0.448973,2.0845,2.56149,0.252062,-2.57668,-0.557024,0.352826,
-0.708675,-0.953287,0.123809,2.70014,-0.987096,0.0400849,1.604,-1.77714,0.353861,
-1.772,1.10472,0.0644745,0.306602,0.042486,0.174403,1.54987,-0.892033,0.0966681,
-1.80618,0.359846,0.333629,1.06217,-1.04675,0.475265,1.72366,0.728401,0.680109,
-2.2143,-1.25778,0.113054,1.37017,-1.1895,0.255068,-3.62294,1.21491,0.143725,
-0.228341,-2.57804,0.184697,1.77311,2.68425,0.077974,-0.482396,2.74797,0.305235,
-2.68689,-0.0158952,0.34657,2.92258,0.138138,0.931928,-0.112929,0.513356,0.0303293,
2.24732,-0.539581,0.374094,-2.86255,1.6201,0.415305,0.244216,-1.52674,0.91659,
2.76395,-0.300197,0.0721373,-2.10028,1.18844,0.179856,1.44069,-0.594885,0.727098,
1.47683,-0.768385,0.0481541,1.56694,2.84738,0.129162,-1.20791,-2.01251,0.691345,
2.24253,-2.10112,0.127511,-2.91667,1.24862,0.483808,1.87172,0.64959,0.550135,
1.47115,1.31056,0.0258379,-0.241768,-1.60726,0.138983,-1.54108,2.18003,0.714934,
1.10922,2.22422,0.126886,-0.0034104,-0.224182,0.283668,0.148883,-1.28265,0.136013,
1.55619,-0.0687964,0.108638,0.0212655,1.45837,0.183404,0.323308,-1.87944,0.604708,
0.0491599,-0.227393,0.472178,1.51801,0.880422,0.301979,-0.892726,1.75501,0.370392,
-1.63154,-0.318583,0.151717,-0.813097,-1.17167,0.323826,-1.99986,1.40521,0.557925,
-1.51504,-1.15405,0.523675,2.32165,1.55086,0.00647793,0.592101,-2.6766,0.181123,
-1.231,0.270358,0.604335,3.21691,0.307753,0.223987,1.3851,-1.32105,0.362405,
1.75821,-3.42925,0.130713,0.0453012,2.30487,0.219631,1.53904,-1.0647,0.32332,
-2.29316,-0.00817387,1.32592,0.508294,-0.342371,0.0571467,2.79286,0.122984,0.258198,
-2.12734,-1.02376,0.104725,1.99114,0.680511,0.0636282,1.81619,-0.836983,0.510205,
-0.0593803,-1.98329,0.187959,0.610721,1.3541,0.833437,2.2088,-1.03297,0.292955,
-0.853354,-2.8999,0.020849,-1.15234,2.40005,0.448931,-0.391214,-0.425462,0.091658,
0.039783,-0.842975,0.0218387,-1.2258,0.0723027,0.113743,0.946639,1.69005,0.239424,
2.04556,0.557238,0.0663221,-0.524609,2.29674,0.0488371,-1.82244,-1.85564,0.670138,
-1.46153,-0.118615,0.557858,1.72578,2.99966,0.484321,-1.00265,-0.583194,0.115938,
-0.756995,-1.01518,0.249989,0.818501,2.36317,0.123077,-0.895494,-0.689838,0.324241,
2.59897,-1.48904,0.047647,2.6322,-2.81231,0.24907,0.175403,2.39737,0.420882,
1.696,-3.08157,0.187308,-0.483479,-0.977785,0.106051,-1.03087,-1.71032,0.236621,
2.7345,-1.41136,0.202558,-2.80987,-1.6001,0.0163019,-3.18287,-1.19852,0.155135,
-1.44853,-0.410534,0.548045,0.9085,0.40319,0.259494,0.682262,-1.71522,0.307203,
1.05132,-0.0142379,1.66952,-2.37091,2.40831,0.131086,-2.52266,0.706184,0.620629,
2.80122,-1.28474,0.233199,1.83279,2.25097,0.406619,-2.51253,-2.2992,0.396414,
2.87623,-0.754029,0.206264,-0.699769,0.777385,0.830635,-0.408072,0.985129,0.380835,
0.640817,-0.904553,0.257398,-1.3034,0.826805,0.335935,0.443414,2.5108,0.199663,
1.26133,-1.29478,0.376047,-1.08464,1.70662,0.503194,0.105118,0.738891,0.110961,
0.561323,-0.972028,0.211515,0.761504,-0.469292,0.272352,-1.5056,2.35431,0.129934,
-1.8085,0.288762,0.0472137,3.02105,-3.02143,0.318638,-2.67042,-2.70117,0.125382,
-1.34469,-0.117507,1.06789,-1.93684,0.825811,0.175582,-1.8583,1.67107,0.0269036,
-0.794392,-0.0214875,1.23099,-0.306863,0.595,0.229533,2.75643,0.150082,0.486941,
-0.105281,-0.909498,0.121729,-1.19182,1.57156,0.42127,-1.49159,-3.04739,0.0704641,
-1.25675,-0.923791,0.426173,-2.329,-2.10711,0.0632309,-2.85689,2.71318,0.131953,
-2.01373,3.99,0.344037,-1.74334,-0.820342,0.0393143,1.99427,-2.32798,0.0529584,
0.61891,-2.70576,0.0559561,-0.438059,-0.655149,0.267955,2.25851,-2.72458,0.174106,
-2.65488,0.44516,0.198054,1.06127,2.86653,0.229242,1.04133,0.887355,0.189755,
-2.38847,-0.520452,0.130386,2.5861,0.201202,0.90083,0.796239,1.1865,0.118449,
-0.0162869,1.03324,0.317622,2.64834,-1.3355,0.267567,-2.46689,-2.83354,0.501215,
-1.5552,4.5619,0.0578242,1.82299,-1.06275,0.420278,-2.40132,2.27436,0.00823188,
-0.780916,1.70216,0.122105,-1.50399,-0.047714,0.271532,-2.21433,-0.056707,0.442699,
-1.83819,-2.9082,0.0694886,2.42665,-0.493805,0.388666,-1.3111,2.86607,0.0945649,
-0.0127937,-1.08791,0.293442,-0.71795,2.61952,0.484314,1.11654,1.38617,0.0791252,
0.167699,0.175831,0.517196,-1.8798,-0.421208,0.205166,2.00434,-0.0323055,1.57521,
0.148091,-0.0140077,0.0884043,-2.66015,1.94427,0.223988,-1.7747,-2.22657,0.179707,
2.57838,-1.08174,0.0607431,1.21261,0.305489,0.0603831,2.96436,-0.396722,0.574958,
-0.603461,0.334604,0.412174,2.33898,-2.12151,0.285938,-3.11248,1.76575,0.361406,
-0.811524,0.246186,0.346338,-2.10486,1.02277,0.254967,1.91931,3.06506,0.272571,
-0.579939,-0.4865,0.112916,2.66601,0.696498,0.309861,0.761682,-0.328941,1.22466,
0.178477,-2.20835,0.0471493,-3.1912,1.19173,0.141388,2.44992,1.32347,0.163154,
-1.61443,1.30916,0.177227,0.175579,2.06763,0.346733,-3.13584,-1.87656,0.10397,
-1.55211,1.55805,0.0625401,2.98479,-1.45201,0.502099,-2.73699,-2.0006,0.0395443,
1.68465,-0.701088,0.493372,-1.50541,1.88026,0.104714,0.0631335,2.23492,0.285289,
-1.80344,0.0841438,0.455771,-1.23153,0.0692838,0.268102,-0.336924,0.707452,0.316831,
-2.85733,-0.77308,0.0719683,0.9415,1.85872,0.082087,1.22341,-1.61449,0.239389,
-0.263854,-0.0992515,1.13371,-0.217945,2.47879,0.142598,0.236012,0.669795,0.23497,
3.3987,0.473943,0.102286,-3.20711,-0.917066,0.10192,0.0617886,0.331835,0.299463,
0.188488,-2.57889,0.10692,-2.45937,2.4451,0.0871281,2.44982,0.263566,0.314801,
0.974671,-2.43343,0.157541,1.77938,1.81662,0.588771,-0.11763,-2.90326,0.372737,
-0.120975,1.27801,0.019903,-0.921572,-1.08093,0.103715,-1.54418,-2.18085,0.406864,
-1.3675,-0.12773,0.705805,-2.45418,-1.26784,0.00559167,1.63592,1.2174,0.389787,
-1.48163,2.08467,0.00813637,3.15829,-0.762456,0.247852,-0.997563,-2.41761,0.137928,
2.2223,0.140225,0.347291,-0.714291,-0.44816,0.00896297,-1.32046,0.391194,0.902491,
0.268476,-0.258207,0.233781,-1.14346,0.289475,0.236939,2.68149,2.68729,0.327101,
-0.953724,-0.0946505,0.838041,1.37708,0.271919,0.599573,0.938256,-2.88352,0.379976,
1.14461,-0.786283,0.0734226,-0.0717539,2.22652,0.172849,-2.80095,-1.35691,0.838526,
2.53987,-0.563299,0.31681,-2.63307,2.33833,0.366075,2.614,-2.35741,0.217525,
-0.400078,1.60358,0.0773408,-0.718915,-2.29506,0.159027,1.47624,-1.14672,0.475497,
-2.57017,2.09295,0.352569,-0.936183,0.152681,0.0668015,-1.65762,1.21503,0.0907385,
1.79609,1.29813,0.00385418,-0.954719,0.29578,0.433654,0.567388,-2.46747,0.188205,
-1.097,-1.21054,0.230232,0.157868,2.69534,0.256243,-0.175751,0.271098,0.242463,
0.886484,0.145359,0.594741,0.585429,-2.4461,0.180658,-2.77792,-2.53885,0.501115,
-0.156887,-0.085635,1.04992,-0.529652,2.46417,0.52426,-1.5201,1.59077,0.0859309,
0.389924,0.217831,0.307719,2.92708,-0.302101,0.73143,0.865426,2.43212,0.157418,
-0.681771,1.61764,0.173378,-1.1735,-1.36431,0.513854,0.345349,0.749145,0.49964,
-1.07159,0.732673,0.103118,-0.939473,-0.736039,0.174639,-1.70298,0.633212,0.466354,
0.999059,0.0153759,0.950081,-0.411477,-1.41277,0.175981,-2.7893,0.123186,0.572136,
0.387888,0.469577,0.694489,1.39214,-3.06179,0.0828641,1.01232,0.957097,0.237238,
2.8562,0.42036,0.512302,-2.716,-1.52102,0.275893,-2.68244,-2.73302,0.563556,
1.2583,-3.0542,0.162827,2.94763,0.505219,0.127455,-2.64903,-2.54865,0.120354,
-2.72587,-0.164257,0.234884,-2.36309,1.45749,0.167294,-0.764137,-1.78959,0.141075,
2.53903,-0.162886,0.275911,-1.17303,0.179343,0.351908,-0.675342,-0.976816,0.534256,
0.54523,0.114453,0.662622,-1.03273,-1.04804,0.355266,-2.53122,3.02671,0.530763,
1.12441,0.566153,0.194337,-1.0608,-2.76976,0.0232424,2.82356,-0.410791,0.801475,
-0.856679,1.33913,0.228767,2.69627,-2.63698,0.304036,0.438308,0.786232,0.416964,
-1.92096,2.14289,0.298336,2.11529,-1.16362,0.075433,1.17104,2.07915,0.127098,
-1.11075,0.437097,0.169914,3.09165,-3.09442,0.164572,-1.01297,-1.36838,0.376371,
-2.78623,-0.787288,0.110961,1.27437,-2.59143,0.138231,0.494021,2.10646,0.10342,
0.457425,-0.0261988,1.24281,-1.18815,-2.00825,0.190564,0.696275,0.335132,0.382677,
0.508828,-1.90153,0.0587099,-1.43498,2.28732,0.0912114,-2.76323,0.953209,0.0884442,
1.40823,-0.718078,0.399704,0.714929,1.27301,0.483506,0.646393,-0.49688,0.538131,
2.12316,0.413249,0.0336478,0.159311,-2.25849,0.25408,-2.11805,-0.489848,0.375689,
-2.44043,-1.14416,0.0348056,-1.97414,-0.284805,0.61223,2.91052,0.886229,0.184449,
-0.80492,-1.83817,0.415809,0.676962,-0.662828,0.179824,-0.148963,2.83306,0.0379169,
2.67343,-2.36447,0.0536924,-0.186835,1.04455,0.355754,-1.30565,1.30704,0.182533,
-0.248781,2.58123,0.0448975,0.302817,-0.090349,1.23187,2.67907,-2.83699,0.31336,
0.23571,-0.573928,0.122283,0.933626,-0.113355,0.273695,-2.44663,-2.1479,0.456743,
2.2692,1.51917,0.0315677,1.84204,-0.0857115,0.239962,-2.33909,2.42466,0.128153,
-1.47735,0.246727,0.214838,-1.67562,-2.04966,0.262351,-1.10015,0.433689,0.170234,
0.462181,0.139779,0.0802978,-0.825743,-1.09515,0.191949,-2.3032,-1.0941,0.443719,
1.84179,-0.0855679,0.130204,-0.00943602,-2.38575,0.330129,-0.976257,1.32707,0.0197576,
-0.243082,2.37109,0.164388,3.17549,-2.52617,0.182541,1.57416,-0.244303,0.297587,
0.187036,-0.00469441,3.33667,0.0486383,2.18683,0.338595,2.44959,-0.0661109,0.323717,
-2.95676,-1.64583,0.13256,-0.881644,1.34957,0.225903,-0.54365,-0.222624,0.7677,
-1.83814,-2.86844,0.163219,-0.659971,-1.96145,0.303726,-1.16235,0.384487,0.0376128,
-2.0876,-1.04213,0.0336301,0.394863,-0.31768,0.104332,1.76178,-1.49365,0.188878,
2.62338,0.133093,0.179323,-1.5285,0.0574935,1.27792,1.91719,-1.96132,0.0303999,
-2.80257,-0.0506346,0.316002,0.611828,1.37096,0.135982,2.18965,-0.581623,0.322089,
0.110712,1.04063,0.0543224,1.94427,0.516404,0.18001,-0.104444,1.40288,0.3162,
2.60365,1.55207,0.165982,-1.47473,-0.89339,0.476979,-2.17285,-0.425944,0.731033,
-1.57191,2.51,0.305236,1.25134,-0.00346105,0.10071,-2.09542,-1.61906,0.302703,
0.209409,-0.0845025,0.716362,-1.53355,0.345313,1.05926,-2.95871,-1.64261,0.172492,
0.0492825,1.11177,0.0647124,0.0799163,-2.59066,0.372246,1.15241,-0.867366,0.225059,
0.401646,1.80442,0.130098,0.921955,0.0939381,0.397065,-1.10384,0.778723,0.17178,
0.456049,-1.57806,0.233921,2.21515,1.0312,0.349179,2.95691,1.13407,0.292179,
-0.748533,-1.54577,0.0535116,-1.65133,0.839728,0.502897,2.19096,3.09802,0.193347,
-1.35486,2.98009,0.0760585,2.36903,-2.51865,0.0243766,-0.899633,-3.61574,0.317599,
-2.03131,-1.85219,0.0228396,-2.6358,-1.49567,0.233516,0.559801,1.78859,0.0664358,
2.59569,0.918727,0.197752,-1.54585,-0.371494,0.970465,0.176552,2.66636,0.381329,
0.0289981,-2.21167,0.0476449,0.407196,0.133762,0.607902,-0.428681,-0.527877,0.657872,
0.00517821,0.122149,0.594507,2.78566,-0.747557,0.122799,-1.61448,-0.390039,0.219643,
0.690079,0.230514,0.401095,0.362825,-2.43341,0.352054,-1.20369,2.03668,0.235526,
-1.37273,1.19302,0.192791,2.7041,1.16024,0.327597,-0.532843,-1.9619,0.191723,
1.19715,0.553023,0.353652,-0.279288,-0.456767,0.0331667,1.7633,-2.42747,0.260436,
2.55869,0.506762,0.269662,-2.55957,-0.252618,0.181351,2.02984,-0.292888,1.07187,
1.76663,-1.12704,0.0525138,1.90738,0.395198,0.086171,0.612647,-2.80182,0.198456,
2.07015,0.834307,0.304278,-1.65935,1.01111,0.0179293,-0.450552,-2.04382,0.353656,
2.65476,2.71522,0.204877,1.9252,3.12829,0.215077,-3.57943,0.99811,0.0827805,
1.77101,0.177865,0.0748465,-2.77234,-0.858064,0.0436386,-0.889409,0.543158,0.890512,
-1.01309,1.2156,0.0648644,2.09978,-2.12585,0.284438,3.57082,1.62039,0.0845039,
1.56449,-1.7348,0.0519029,1.08106,0.179189,0.884202,-0.854388,-0.44808,0.155775,
0.569593,0.0781103,0.917606,-1.68258,-0.50951,0.33385,2.36491,-0.19789,0.47927,
0.397712,-0.132773,1.43608,1.03561,-2.58232,0.0423342,-0.276399,2.4206,0.218244,
0.434245,-0.0616085,0.921371,-1.81145,0.836338,0.509132,-1.60207,-2.17686,0.823109,
-0.853478,1.40491,0.247991,0.306755,0.862532,0.0587311,-1.22236,0.864938,0.222083,
-2.20579,2.08694,0.0562584,1.94458,-1.27268,0.271283,-0.330201,0.296228,0.072818,
2.55583,0.793308,0.000853979,1.99361,1.65579,0.120633,-1.35929,1.71421,0.101048,
-0.755985,-1.1174,0.535417,1.50576,1.83388,0.143055,1.52027,-0.19633,0.0872783,
0.217781,-0.601726,0.422562,0.684395,-0.971116,0.142933,1.63057,1.78508,0.133474,
0.366584,-0.0806618,0.910843,-1.64138,1.70151,0.454642,-1.50751,-2.41255,0.18687,
0.736843,1.30302,0.25166,-1.19911,1.57841,0.287999,-0.229527,0.978803,0.0683751,
-1.64479,1.3854,0.308601,1.26479,0.566921,0.246185,0.42218,0.161738,0.152204,
0.681202,-0.380018,0.386561,-1.30234,3.14724,0.338599,1.43759,-1.78033,0.305962,
-3.08286,-2.3061,0.0963017,0.789906,2.2555,0.177438,3.06272,-1.70132,0.388394,
1.69947,-1.02063,0.314568,-1.69341,1.66291,0.386212,2.18892,1.58721,0.0130935,
-0.568639,-2.52051,0.338657,-2.70395,1.40296,0.147086,-2.27414,-0.394763,0.0794788,
-1.25488,0.0520779,0.414348,2.14493,1.37546,0.160324,0.583394,0.729499,0.569346,
-1.27062,-0.220754,0.154009,2.20264,2.57696,0.0610687,0.608979,3.024,0.404006,
2.64478,1.9312,0.0206251,-4.21192,-2.01232,0.114358,-0.0500188,-1.71325,0.00440906,
1.88144,-1.14247,0.129813,-2.49971,1.43957,0.215069,1.60691,2.85444,0.367228,
1.45915,1.00154,0.0204135,-3.01009,0.292862,0.499276,-2.80013,-0.715946,0.498425,
-1.48287,-1.31892,0.116731,0.400969,0.864764,0.527764,-2.61207,-1.32495,0.440689,
-3.29545,-0.421782,0.291707,-0.00134741,-0.917183,0.252886,1.32298,-0.115129,0.0769981,
-1.54462,0.148401,0.231526,-0.473989,-2.94332,0.0690937,0.120636,0.674144,0.23353,
1.01944,-0.721578,0.454117,2.77149,-3.005,0.199084,-1.88584,-0.526955,0.126331,
-0.30723,0.394674,0.00601178,1.3951,0.461817,0.493558,1.1814,-0.471765,0.192304,
-0.723462,-0.0242702,1.92616,1.9658,0.832128,0.575484,-1.93772,-0.724508,0.240278,
-1.5871,1.07876,0.219809,-1.39326,-1.00585,0.375598,1.08708,0.336637,0.2944,
-0.736184,0.0761637,0.734202,1.21444,0.558655,0.115647,2.03117,0.0624254,0.582344,
2.68186,1.55437,0.094793,-0.741512,0.0362608,0.201405,-0.284291,2.30503,0.297626,
1.31945,2.62772,0.016937,-0.715186,-1.69995,0.179675,1.52472,-2.65406,0.409807,
-1.16586,-0.411882,0.479923,2.84732,-1.69227,0.251877,-0.667365,-0.922132,0.176097,
-2.76483,-0.090241,0.175581,2.45667,2.65726,0.0889703,1.10041,1.74835,0.222896,
1.43384,-0.360136,0.624752,2.52522,1.3737,0.189827,-2.03788,1.68762,0.0557813,
2.24715,1.92036,0.433536,-2.48746,-3.14332,0.0244521,-0.857062,1.94972,0.107474,
1.14963,0.762803,0.476988,0.0789877,-0.598024,0.176944,0.822477,-3.06909,0.173095,
1.08331,-1.21447,0.0426862,-0.516289,-0.385677,0.298622,-0.335871,0.56592,0.669513,
-2.02314,-1.41331,0.21975,-3.11869,1.60362,0.319658,-2.8601,-1.71288,0.163649,
0.0702841,-0.26491,0.00259621,0.545895,0.0388762,1.98465,2.659,-0.553152,0.408185,
1.22559,2.32426,0.249113,2.05029,-1.6891,0.0333733,-2.35792,-0.278703,0.0982887,
-0.0563074,1.33706,0.182634,-0.85992,-0.34564,0.536509,-2.21653,-0.389744,0.079993,
1.03883,1.91842,0.210078,-3.00843,-1.10627,0.77423,-2.34143,1.03864,0.356157,
1.2846,1.11023,0.0137655,-1.5132,0.989385,0.386223,0.863037,2.03467,0.139819,
-2.68752,-0.287472,0.147563,0.33322,-0.521731,0.529192,2.59164,0.772053,0.181762,
0.535907,1.50257,0.290062,1.2077,-1.96304,0.102125,2.2759,-0.769947,0.386532,
1.36705,-1.15309,0.256935,1.85169,-1.19719,0.320915,-1.99864,-0.034153,0.0611045,
0.349448,-2.91431,0.0862955,-1.73156,1.07102,0.773326,-0.78688,-1.4215,0.536055,
2.96073,-2.14638,0.0813845,-1.54503,-1.47712,0.0525755,-1.32297,-0.988469,0.303957,
-3.07517,-0.0766102,0.125771,0.811512,0.133924,0.496577,-0.753485,-2.93057,0.134748,
-2.31744,1.14668,0.329033,2.60617,-1.75505,0.411527,0.950234,-2.19747,0.190241,
1.18719,-0.86688,0.363345,-3.06291,2.08174,0.475744,0.48182,-0.974615,0.77596,
-0.0678163,0.90915,0.178465,2.22464,-0.497332,0.0285542,2.60653,-2.27436,0.34457,
0.541109,-0.0811404,0.368087,-1.3851,-0.0528332,1.07028,2.94151,2.8668,0.135516,
-1.30097,3.00118,0.153359,-1.29919,0.191152,0.251521,1.8228,0.799807,0.110923,
0.325582,1.20267,0.0639545,0.205762,-2.04715,0.107239,1.34937,-1.9453,0.344051,
-0.175468,-0.230185,0.023351,0.124476,0.143449,0.0422553,0.045973,1.34503,0.145053,
-2.10561,-0.268381,0.419398,2.48619,0.317588,0.431587,-1.54726,0.0235552,0.630254,
1.44846,1.09708,0.182275,-0.762784,-1.58898,0.34482,2.74751,0.895894,0.163425,
0.264446,-0.379303,0.128034,-0.00192839,1.01459,0.437791,1.63593,-2.87252,0.385622,
2.82558,1.60289,0.308306,-0.9657,0.799617,0.0453828,0.747043,-2.56158,0.362777,
2.326,2.74568,0.202742,-1.64475,0.528923,0.328788,-0.0480027,-2.0522,0.0668686,
-0.0494892,2.84574,0.123746,-2.55312,1.35315,0.273561,1.81984,0.217261,0.248248,
0.786123,-2.48597,0.0436179,0.0901476,-0.265396,0.0476621,2.22361,-0.664112,0.283799,
2.31598,1.49137,0.124764,0.0569382,1.04881,0.0309671,0.336531,1.9498,0.0789417,
-1.00268,1.67324,0.0480459,2.51652,1.09219,0.211849,0.658124,0.0295883,0.19702,
-2.3333,0.181659,0.132032,-1.62327,-0.0447883,0.302368,-1.4246,0.144492,0.431302,
0.912174,0.213479,0.546885,0.666171,-2.76897,0.105942,1.18758,0.133593,0.334179,
-0.28113,0.439375,0.21936,-1.86102,0.523399,0.140517,-3.03279,-2.50042,0.514306,
-2.03989,0.0702858,0.456688,2.42391,-1.55677,0.293213,1.59439,-0.158221,0.310913,
-1.69405,1.75808,0.0330489,2.27264,-0.13821,0.0127709,-3.13622,-2.5615,0.231432,
-2.48288,1.61187,0.23847,-0.636034,-2.40111,0.272326,1.37342,1.30164,0.271987,
-3.02603,-2.23792,0.0818318,2.20758,2.07203,0.184678,2.37167,-1.52241,0.206588,
-2.93421,0.00515042,0.0439791,2.88402,1.79698,0.16918,-0.307016,-2.66504,0.573138,
0.918024,0.000663906,0.580174,-2.13858,-2.736,0.413164,-1.2925,-1.88051,0.0458353,
0.479174,-1.38012,0.00624016,0.760536,1.73754,0.329319,-2.54725,2.60199,0.0536943,
1.50465,3.10342,0.363382,-2.37679,-0.718203,0.220081,-1.11971,0.426683,0.00404036,
1.08386,-0.119226,0.459302,-2.49124,-0.870135,0.0989899,-0.896546,-2.95586,0.269171,
-1.31026,-0.410442,0.582894,-0.995532,1.30939,0.422594,-0.606905,-3.10051,0.0927837,
0.879047,-0.966938,0.0613254,-0.24678,0.391335,0.20167,1.08272,-1.94427,0.285247,
-1.76842,0.0508813,0.212318,1.65267,-0.50327,0.54639,-1.97366,2.15655,0.454545,
2.10474,-0.324609,0.0793277,-1.59306,2.66274,0.153608,-2.83821,0.193806,0.132613,
-2.24132,-0.591585,0.375301,2.96453,-0.475389,0.298031,1.11236,0.499964,0.2242,
-0.72308,-0.278176,0.471531,1.31533,2.82181,0.248576,0.130017,-1.23809,0.14839,
2.47072,2.67696,0.154312,2.70875,-1.00288,0.340857,-1.50038,-2.03965,0.176799,
0.425,-1.4234,0.182463,-0.0976947,1.61383,0.562692,-2.09511,-1.07646,0.379869,
3.00014,-1.63678,0.0530235,1.91154,2.53206,0.127871,-1.51894,-0.535303,0.418344,
-2.18614,-1.59105,0.0974573,-1.87431,-0.182251,0.291733,2.8391,-0.492245,0.540915,
2.06665,-3.01022,0.0976521,-0.74767,0.155503,0.357751,1.14113,1.47548,0.244828,
0.206527,0.628912,0.321976,-0.760726,-2.48988,0.205011,0.355978,1.66081,0.228636,
1.78732,-0.826935,0.335602,-1.0184,0.026131,0.0358272,-1.4084,2.36911,0.719517,
-1.18544,1.25513,0.0916825,-0.0999525,0.821276,0.414102,-0.72746,-0.626324,0.091664,
0.988787,1.72732,0.202128,1.97161,-1.2522,0.376133,1.4651,0.674364,0.122461,
2.98096,-2.32478,0.086508,2.50636,-2.65605,0.152072,-1.99318,0.265152,0.265927,
-0.424755,0.816219,0.0929943,1.11119,0.14557,0.177237,-2.90034,-1.46632,0.596775,
-1.01535,-0.207726,0.204754,1.69801,1.52833,0.390192,0.41028,-1.37758,0.348474,
-1.91258,-3.10621,0.120183,0.557322,0.676748,0.258898,2.12698,-1.5553,0.0798672,
-0.557888,0.367798,0.50673,-0.393986,1.00369,0.0574512,1.27762,-0.485519,0.312594,
-2.49354,-0.0583348,0.121326,0.793751,-0.523986,0.363551,2.65795,-1.96746,0.395462,
-1.15863,-0.256464,0.333921,-0.87745,-0.178919,0.345296,-0.848429,3.14519,0.10188,
1.94082,-0.193115,0.0232497,-1.36542,0.928286,0.202772,-1.45382,-0.804389,0.388978,
0.858021,1.45788,0.360318,2.586,-0.421091,0.200366,1.18323,1.27675,0.135369,
-0.358965,1.40358,0.0533327,0.43318,-0.15614,0.472516,-2.1639,2.80974,0.24616,
-2.90526,-1.846,0.0806434,2.97547,2.66323,0.14495,1.99426,-0.782645,0.859128,
1.59135,-1.22328,0.13106,-1.5392,-1.38545,0.235279,-0.131083,-0.737812,0.305717,
0.51569,0.864318,0.661727,-0.129661,1.82764,0.056723,2.13438,-0.691987,0.104444,
0.812618,0.482201,0.438179,-0.192275,-1.03688,0.825318,2.27072,0.0844964,0.0859851,
-0.286025,1.48143,0.150571,-0.654666,-0.648748,0.436773,1.35423,-2.04215,0.375493,
1.16035,1.84562,0.122952,0.386558,-0.228401,0.422104,-1.85273,0.591866,0.336659,
0.758747,-2.871,0.18765,1.84393,1.23003,0.0701626,0.150696,1.53468,0.0887863,
-0.10336,0.429102,0.293716,-1.46054,0.503672,0.16198,-2.35728,-0.930182,0.652628,
-0.374949,1.06006,0.270137,-0.270353,-1.70234,0.0849035,2.43339,-1.46969,0.351365,
0.240193,-1.33696,0.226217,-2.28066,1.60021,0.42448,-2.55436,-0.512204,0.591149,
1.11856,0.226476,0.363479,0.176729,2.49223,0.28611,-2.02142,-0.63806,0.274337,
-2.20856,2.33984,0.108502,0.891597,0.358718,0.0794511,-1.77442,0.40978,0.0751607,
-0.44149,0.0830768,0.429024,0.104255,3.09819,0.219721,2.49315,2.95823,0.11359,
-0.372734,0.920627,0.233323,1.20515,2.53124,0.122941,1.91835,0.304874,0.153521,
0.658309,3.10687,0.117623,-0.518076,-2.08554,0.697639,-2.34717,-0.981724,0.197052,
0.744483,1.61213,0.189676,-2.72763,-1.38609,0.0124363,2.59797,-2.73318,0.344974,
-2.52406,0.70791,0.071194,-1.52598,0.282765,0.623397,2.20679,-1.00783,0.326403,
0.535895,0.839863,0.254083,-1.89036,-0.769295,0.348892,-1.45089,0.149779,0.392176,
3.25096,-1.08357,0.322243,-2.89471,1.83916,0.101862,2.93324,0.2853,0.0776511,
-0.0770384,-0.887428,0.468816,1.04556,1.63741,0.0607671,-3.13485,0.597999,0.169557,
0.841685,-1.0739,0.316883,1.60472,1.89897,0.236223,1.49966,0.0678482,0.0128377,
-1.90252,-1.67516,0.205232,1.35417,2.887,0.728498,0.0862597,1.33645,0.0291861,
0.598276,-1.08881,0.137107,-1.20929,2.40619,0.408634,2.84941,2.17257,0.213333,
-0.32823,2.25485,0.0410405,0.717584,0.163266,0.157166,-2.60876,-0.450539,0.49791,
-0.657645,-0.164504,0.468942,0.392125,-1.33598,0.155266,0.102274,-0.637692,0.418744,
0.884223,0.522661,0.114866,-1.03645,-1.20157,0.492664,2.152,-1.22923,0.0875224,
-2.13275,0.295021,0.171408,1.94007,2.8071,0.346813,1.30539,-0.443,0.145902,
-0.48689,0.458281,0.224983,0.177341,-0.665018,0.274496,2.60438,0.918342,0.237997,
-2.94909,2.56638,0.062124,1.46495,1.17347,0.223063,1.52086,-1.01761,0.358294,
-2.93727,-1.3475,0.00922196,1.65215,-0.152192,0.970462,0.46472,-2.51765,0.136343,
-0.705003,1.57978,0.201999,1.82624,-1.25989,0.0403439,0.742018,2.54275,0.228415,
-0.193713,0.570657,0.219335,0.725306,-1.19425,0.264375,-0.503192,-2.28915,0.497894,
0.864172,1.11919,0.190005,-1.85162,-2.2539,0.207871,-2.92209,-2.74459,0.186444,
-0.148515,3.00439,0.125802,-2.3178,-1.46193,0.322483,-1.40163,-0.0736948,0.76686,
1.41749,-1.76592,0.160623,0.372139,-0.183447,0.292497,2.66796,2.17989,0.311245,
2.84507,-0.499003,0.409752,-2.62987,0.459547,0.567147,0.911946,-0.468368,0.36933,
-2.88287,1.53036,0.00640641,-1.82752,0.0772687,1.85128,-2.15574,-1.25264,0.169185,
1.8208,0.253293,0.396641,-0.301208,-1.06367,0.271702,2.24807,2.87317,0.0819417,
2.91216,2.63833,0.123761,1.40522,3.13035,0.172521,2.81399,0.0251733,0.347541,
0.0591051,0.0490376,1.09269,-0.901756,-0.107124,0.330904,0.159203,-2.34259,0.3255,
0.632485,1.03275,0.139486,0.316867,-3.05473,0.305487,-1.58901,-1.42519,0.316851,
-0.470685,1.61823,0.355039,-1.43331,-2.10149,0.185754,-1.29431,-2.56885,0.223454,
-1.0696,-1.53167,0.0425575,0.3249,0.81272,0.150095,1.78867,-0.488378,0.230954,
-1.86633,-0.537773,0.191141,2.03597,0.430687,0.738135,-1.83521,-2.11029,0.367994,
0.851577,0.263804,0.222614,-1.53066,-0.261426,0.721344,-0.213147,2.57387,0.138904,
0.596796,-0.246678,0.198779,1.79494,-0.356702,0.0967974,-1.38964,-2.11611,0.268227,
-0.127117,2.19456,0.231856,2.83412,-2.75374,0.192139,-2.19323,0.861993,0.147057,
-0.800762,-0.242458,0.590711,2.04623,1.4818,0.272378,2.42207,-0.560052,0.633011,
-0.208307,-0.207865,0.998614,1.2788,-0.207874,0.143509,-2.55353,3.06065,0.353181,
-1.87532,2.03851,0.343418,2.51888,-1.02482,0.218823,-0.136065,-0.446396,0.113825,
0.603277,-0.0116216,0.861842,0.00120915,-2.45444,0.223843,1.47381,-0.185585,0.307659,
-0.00570972,-0.503089,0.437863,1.9352,1.084,0.788238,2.72584,-0.279749,0.206539,
-2.06324,0.429042,0.020738,2.33799,2.47114,0.0926937,3.14522,-0.19419,0.161972,
-1.03842,1.56522,0.226782,1.09016,-1.91204,0.0815765,0.35029,-1.70165,0.267006,
0.249915,0.0250213,0.254392,-1.52824,1.10295,0.288672,-1.98567,-1.25775,0.667459,
-0.136387,-0.179575,0.725862,-2.21257,-3.02139,0.148883,-2.26483,2.1869,0.383542,
-0.655366,-1.00664,0.115804,-1.98924,-0.159043,0.412178,2.05157,1.08746,0.329357,
1.16082,0.410448,0.0487376,-2.29037,-2.97264,0.0275925,-2.23446,-1.71501,0.0777431,
2.51689,-2.70428,0.10299,-0.80229,-2.13012,0.269511,0.297701,-0.622294,0.202718,
0.302764,-1.07353,0.202513,-0.63285,1.75916,0.376929,1.60359,-1.0592,1.18004,
0.90899,-0.162223,0.0422416,-1.28378,0.214501,0.0431944,2.45406,-2.65984,0.47551,
1.0571,1.07855,0.284576,-0.197443,0.988234,0.199084,-2.98083,-0.92306,0.210978,
2.65387,1.07148,0.297824,-0.583933,-0.0419624,0.321967,-0.266001,-2.69131,0.256649,
-0.174777,-0.429359,0.315763,0.752562,0.719943,0.412265,2.79863,2.10777,0.443403,
0.390729,0.87767,0.35215,2.24504,1.12766,0.136914,-2.00482,1.05822,0.118002,
-0.256619,0.404719,0.0744141,-1.64063,-2.57351,0.118903,2.0468,-1.53258,0.111486,
1.01695,-1.40706,0.25938,0.373233,2.02197,0.20782,-0.915633,0.995853,0.241473,
1.80457,-0.35355,0.232543,0.731133,1.59979,0.273318,-0.494772,-0.858113,0.531148,
0.688635,-0.0721856,0.928018,-2.52535,1.29285,0.431126,1.30675,-1.1288,0.192135,
0.0189096,0.738192,0.10277,-0.0366858,-1.36949,0.109868,1.1194,-2.56341,0.120482,
-1.72959,0.530762,0.162301,1.5319,2.44295,0.0013485,2.59853,-0.136,0.518973,
1.03194,-2.52867,0.0395752,-0.408085,2.54479,0.0840721,0.332797,-0.245198,0.655714,
-0.330523,0.483682,0.244107,-0.305109,-0.00126316,0.0830497,-2.36624,0.815237,0.330247,
-2.20239,-0.696059,0.0909304,1.62993,2.39719,0.105793,2.30337,-0.322541,0.38038,
-1.09464,-0.613823,0.178323,0.442898,-0.816631,0.196072,2.73212,-2.85278,0.130162,
-0.836267,0.950516,0.0695735,2.26099,-2.91269,0.0712855,-2.63891,0.198996,1.26582,
0.986542,1.6078,0.246006,-1.78634,-1.38458,0.145344,-2.69862,-0.736631,0.106079,
0.278077,-0.237592,0.121745,-0.254105,-0.95241,0.456831,-1.99137,0.640729,0.103964,
1.00675,3.05353,0.288783,-1.57251,-0.430381,0.16614,-1.14641,0.126933,0.12286,
-0.203326,-0.633125,0.276923,0.541113,1.25422,0.504181,-1.21217,-1.42255,0.29073,
1.1827,1.2515,0.129703,-2.37733,-1.51078,0.47054,-2.99968,1.61229,0.252179,
2.11676,1.07126,0.133308,-1.66415,0.504106,0.233236,-1.05064,0.257894,0.173447,
-0.153662,-0.685409,0.439566,0.294648,-1.01999,0.145641,-1.41855,0.747126,0.0675896,
-1.1213,0.899008,0.152195,1.13802,-1.20417,0.562148,0.381135,-0.838736,0.105372,
1.59844,0.53568,0.379411,-1.47679,-1.02601,0.399807,2.88554,0.70287,0.251367,
-0.123749,-1.2246,0.241415,-0.516624,1.02071,0.554631,1.61834,-0.342365,1.07984,
0.40344,0.603843,0.120336,-1.29354,-1.23134,0.135502,-1.21794,0.103687,1.40962,
0.17753,0.30446,0.220408,0.870827,2.73986,0.144062,-0.799834,2.2087,0.199869,
0.778891,-0.161285,0.459358,-2.5411,-3.08466,0.122441,-0.794029,-0.780406,0.193514,
0.877994,-0.109742,0.254334,0.867953,0.248574,0.575243,-2.03265,-2.49525,0.0851446,
-0.888232,0.380051,0.713214,2.79606,-2.14204,0.325766,-1.35812,2.25112,0.177808,
-1.97468,0.149692,0.212181,-0.184521,-2.70972,0.225481,0.520451,-1.71757,0.316716,
-1.02529,-0.218789,0.119078,1.08443,2.09592,0.150964,-2.03973,-0.61227,0.358632,
0.2672,-0.128909,0.221027,-0.633508,0.210154,0.14522,0.807863,2.75561,0.351111,
-0.32269,0.0646004,0.625805,1.77408,-2.29988,0.198913,0.151694,-0.447016,0.168421,
0.141053,-0.176919,0.270001,-1.93912,0.331637,0.270864,-0.942865,-2.1861,0.0777794,
0.830491,-0.442192,0.0835969,-1.53472,1.28213,0.250687,-2.11817,-1.16974,0.826596,
-0.116127,-0.067487,0.200876,1.9717,-1.27099,0.174039,1.54286,0.757929,0.435003,
-0.507577,2.45165,0.0912572,-1.22015,2.34148,0.0555131,2.48573,-0.29802,0.0868256,
-1.85652,0.978745,0.109402,1.8564,-1.55632,0.458451,-0.534526,3.02169,0.278784,
2.37086,-2.37978,0.207293,-0.686935,0.00713215,0.121356,1.92604,-2.4169,0.238321,
-0.26244,0.000293133,0.232664,-1.42404,-1.35878,0.0378315,-2.83234,-1.07769,0.20277,
-0.150347,-1.37081,0.170919,-0.628363,-0.732502,0.0320629,2.07695,-1.03747,0.0611672,
0.050571,0.205174,0.565985,0.205268,2.17593,0.236428,1.21456,-0.798404,0.0852005,
1.81662,2.94198,0.121567,-1.25951,-3.06906,0.0474455,-0.090473,2.05962,0.0866322,
-1.16354,1.82371,0.0972679,0.905856,-1.6472,0.551642,-2.55898,1.09244,0.224666,
0.0811579,-0.465189,0.0315241,-0.262126,0.603293,0.349552,0.37654,0.302244,0.145091,
-0.440317,-2.70493,0.353151,2.56179,-1.77448,0.0939048,-0.660657,-0.417107,0.20268,
-0.0646572,0.12363,0.882172,-1.18592,1.68162,0.124994,2.44654,-2.46248,0.174944,
