0.888954,-0.0154595,4.28936,0.160247,-1.9829,0.567244,-2.36738,2.87241,0.116774,
-2.80454,0.0257206,3.53833,2.23673,2.52136,0.117662,1.19366,-0.582892,0.424154,
-2.88351,0.0162456,3.20304,-0.829802,0.259862,0.942204,0.80079,1.12084,0.523103,
1.60902,0.105842,0.16665,2.83018,-1.56042,0.0472562,-0.650969,0.0312965,1.36053,
-0.628805,0.00675793,0.319845,1.58475,0.0158558,4.09474,-2.32792,2.26412,0.481821,
-1.59042,1.18802,0.348577,-0.449016,-2.67106,0.240743,1.5313,-0.108952,0.499705,
-2.93076,0.0109578,3.28555,-2.58918,-0.241903,0.162395,1.56174,-2.11858,0.495318,
2.99701,-1.82253,0.142984,-2.49662,1.3154,0.222726,1.40066,0.446543,0.295572,
-0.518422,0.193893,0.767088,-2.87865,-1.30053,0.331975,2.51129,-0.877689,0.774783,
1.23285,-0.00454094,2.86652,-2.28499,0.606062,0.785833,1.93237,2.25379,0.0536675,
-2.28355,0.022713,3.06861,2.72743,0.572217,0.577885,0.0976372,-1.41986,0.0383743,
-1.6311,-2.42538,0.120184,2.369,0.424922,0.179088,-0.892341,0.210418,1.34013,
2.39733,-0.00707492,2.28794,-2.40187,2.57066,0.310364,-2.60711,-2.5552,0.883197,
-0.700517,1.49717,0.0286942,-0.171085,-3.08181,0.0615176,-0.684528,-2.54404,0.110776,
-0.190168,0.0110512,1.57017,-1.65128,-0.109985,1.72504,0.673098,0.388763,1.80611,
2.91992,0.18943,0.237133,1.55483,0.894841,0.177734,-0.0766223,2.33362,0.519281,
1.8304,-0.0147009,3.7543,-0.861055,1.26869,0.147382,1.36123,-2.93231,0.385422,
-2.87445,0.341771,0.505568,1.62061,-2.64915,0.392253,-2.3939,2.15226,1.06939,
-2.83695,2.80967,0.380225,-2.49985,-2.62169,0.0780829,2.26574,0.800176,0.050045,
2.67015,-0.48916,0.380973,1.73149,2.82167,0.591552,2.52094,0.335809,0.0548147,
-2.74737,-0.0552329,1.85946,-2.64546,2.89476,0.241358,2.6993,-1.37869,1.07586,
-2.71402,-0.0183582,1.66424,-2.14462,1.05378,0.400297,0.488054,-2.29099,0.342189,
2.7883,0.382821,0.764383,2.40513,-2.78668,0.483391,-2.93342,2.97168,0.76729,
2.02491,-0.0122021,1.92976,0.868722,0.0800507,1.59153,-2.71647,1.94027,0.446713,
0.73773,-0.00794612,0.361683,-1.98397,-0.0396561,0.542983,-2.53864,0.0447598,3.2694,
-1.8421,-0.214855,0.863251,-1.72975,0.900281,0.463615,1.18258,2.58638,0.279965,
2.5359,-1.4408,0.576853,2.81921,1.8585,0.111538,-0.166571,1.96237,0.0691036,
0.669864,-0.305545,0.412065,-1.65998,0.58696,0.0989366,1.40243,0.132,2.30344,
1.15204,-1.62171,0.246507,2.29486,2.34889,0.275401,-2.73042,0.978264,0.213778,
-2.89347,-0.204108,0.736121,-2.26015,1.51016,0.149682,2.25857,0.457955,0.962447,
-2.68681,0.175252,1.08719,-2.14683,-3.00152,0.378902,0.932746,-0.614363,0.331916,
0.289102,-0.201601,1.09894,2.50089,2.8592,0.390651,1.70018,-0.551135,0.20817,
2.67185,0.0229963,1.95103,0.696354,-0.142266,1.21272,-1.90619,0.756148,0.739596,
2.55045,3.09131,0.255644,0.0274527,-3.11695,0.541996,0.251475,2.9606,0.727887,
-2.67377,-2.36221,0.172413,-1.45363,0.910347,0.869549,0.81147,-2.83362,0.49819,
-2.6402,-0.0469607,1.8029,1.69293,1.38492,0.347854,-2.85652,2.65638,0.111181,
-0.0936487,2.22081,0.0898219,-1.49859,-0.15156,1.59967,1.69593,-2.16758,0.42455,
2.60774,-0.351635,0.707854,-0.0513088,1.24346,0.790772,-1.93189,-3.1205,0.0528866,
1.40482,0.0189672,2.6626,0.236957,-0.494486,0.244883,1.45969,0.188199,1.61226,
2.88781,-0.0674041,1.65537,0.450994,-0.414167,0.350304,1.27347,1.81737,0.454324,
-0.642458,-0.142924,0.660511,-2.0576,2.00054,0.197344,-1.63131,1.15139,0.397806,
2.56326,0.0523418,1.19042,2.43283,-1.63291,0.235449,-1.93453,-1.63535,0.540467,
-2.00105,-0.000273471,1.4225,-2.07903,-0.743506,0.349658,2.92628,-1.46674,0.301721,
-2.50803,-0.239375,0.870983,-0.510092,2.72042,0.462076,1.36973,-2.77823,0.236805,
0.0891085,0.0924128,0.714922,0.910062,-2.48503,0.120551,-0.372014,0.204414,1.17099,
2.32232,0.302723,0.151006,2.82112,-0.174355,0.432652,-2.63378,0.841937,0.714121,
-2.72365,-0.0343869,0.676951,-2.84644,-0.408512,0.564366,2.99125,-1.39511,0.353569,
-0.701572,0.050931,0.199529,-3.0252,0.215243,0.64131,2.38801,-1.07512,0.638846,
-1.61062,-0.0632194,1.36482,-1.88109,1.88596,0.252632,0.442097,0.528917,0.763656,
1.50653,0.157826,1.1887,2.0104,-2.69731,0.452145,2.54575,2.97664,0.726764,
-1.90843,0.047055,2.24414,-2.07697,-1.37659,0.303113,-1.37317,-2.19178,0.459773,
-2.84671,-0.0105527,1.73779,0.669311,-0.783021,0.401171,2.42685,-2.83118,0.206769,
1.05865,1.35387,0.16107,-2.9364,-0.348185,1.60941,0.140854,1.61995,0.795597,
-2.64899,-1.967,0.233565,-3.00257,1.14565,0.701533,-1.83496,1.88304,0.437686,
-2.5726,-0.670454,0.450917,1.66146,0.0940323,0.227098,-2.33596,-1.14792,0.130197,
-0.962029,-0.364917,0.57475,2.13223,2.3133,0.111856,-1.55594,0.414463,1.11924,
-1.59728,0.0261911,1.86301,1.64103,-0.620486,0.778724,0.352719,0.276916,0.126514,
-2.31965,-0.70469,0.256357,-1.82138,0.212802,1.31815,-0.807672,0.906512,0.524451,
1.66746,-0.0155581,2.89767,-1.36367,-2.31698,0.335702,0.979812,-2.33873,0.29528,
-2.87532,0.23172,0.0428055,1.15035,0.401547,0.661203,2.49219,0.98963,0.108304,
1.76711,-0.209833,0.998785,1.78113,3.02944,0.282326,-2.02132,-1.52435,0.220905,
-1.9144,-0.135197,0.928638,-2.05078,0.443528,0.608636,-2.80944,0.224266,1.02969,
2.7779,-0.333814,0.689038,1.26845,1.26901,0.674414,-2.71211,-2.04664,1.08091,
1.44099,-0.211521,0.726865,1.05993,2.22337,0.263394,1.39074,0.340111,0.776641,
2.95273,0.219934,0.787013,-1.02816,-0.794336,1.01004,-2.4434,3.01577,0.0818131,
-2.24846,-1.14836,0.196011,-2.92992,0.727533,1.04206,-2.17094,2.74034,0.181446,
-2.87507,0.201472,0.232987,-2.12305,0.200857,0.239126,-1.62807,-1.04108,0.457292,
-0.459033,0.0240819,2.86672,2.32778,0.753856,0.502283,1.29809,-2.90101,0.19621,
-2.76981,0.82791,0.501793,-0.977454,-2.10548,0.397796,-0.935482,-1.75215,0.462972,
0.805825,-0.0363954,1.11293,2.17291,2.52816,0.15243,-2.88294,-0.293469,0.577223,
-1.4999,0.222509,0.913297,-1.00063,-3.11262,0.494085,-0.175687,2.39128,0.0444918,
-2.38592,-0.0924498,1.37611,-0.510233,1.09861,0.269451,2.02551,-1.09757,0.417421,
2.8338,0.575322,0.50032,-1.76931,-0.991778,0.827884,2.11911,1.88023,0.757461,
-2.78424,-0.185217,1.05408,1.16302,-2.58578,0.224647,0.168071,1.8854,0.0694505,
1.32494,0.0380432,1.52487,0.295258,2.44819,0.187283,-1.71185,-1.05913,0.126945,
-2.6582,2.44053,0.0985113,-1.14022,-0.29422,1.39662,-0.704614,-0.155238,0.128857,
-2.42703,-0.13077,0.752637,0.979122,0.359289,0.686868,1.15759,0.924135,0.206442,
2.52704,9.7921e-05,2.34409,-2.97798,-2.42091,0.3152,-1.36752,2.18265,0.406229,
-2.14901,-0.142339,1.09545,0.539982,1.44926,0.603713,0.705392,-0.644844,0.398862,
-2.11909,-0.208902,1.1177,-1.30632,-1.59568,0.110092,2.25233,-2.79014,0.0865834,
-1.16292,-0.182406,0.988472,-0.525932,2.09555,0.474722,0.505858,-1.96568,0.161534,
2.40991,0.0321882,0.968581,0.241851,2.65853,0.156962,-1.12752,-1.10279,0.863577,
2.41518,0.0256087,1.54405,-0.415836,1.74619,0.48047,-1.49984,-0.841735,0.0965512,
0.143586,-0.84464,0.65977,1.64225,-0.45816,0.0879527,-0.834831,-0.322263,0.0948814,
1.04229,0.535539,0.463118,2.11678,-1.61542,0.931839,0.666871,3.05039,0.0312182,
0.44819,0.560075,0.606489,-0.844619,-2.53073,0.529749,-2.81805,-1.98969,0.288654,
-1.54252,-0.136556,0.945312,-0.0858116,1.21856,0.567042,2.34365,0.157849,0.46323,
2.15763,0.521804,0.633618,-0.411388,-2.05137,0.778615,-0.642978,0.949786,0.0833237,
2.40752,0.0906745,0.947319,2.77655,-0.0462673,0.300539,1.31186,-1.66239,0.270912,
1.25515,0.0879915,1.17817,1.7857,-1.56355,0.820213,-0.164229,2.0632,0.00117135,
-2.46241,0.401718,0.725086,-0.298174,-2.56997,0.512766,-0.289796,-1.77898,0.326392,
-0.293883,0.913271,0.316536,1.94058,0.870424,0.0697549,2.05854,-2.79296,0.462042,
2.66335,-0.00880761,1.0052,-2.794,-2.87751,0.077122,-1.62857,0.406154,1.12706,
1.91651,-3.155,0.16008,-2.49339,1.50237,0.700461,2.63703,-2.76237,0.773001,
-2.04654,-0.0948352,1.18451,-0.662336,1.14921,0.67275,1.82193,0.233358,0.223901,
2.46158,-1.47445,0.51052,2.91352,-0.771224,0.0606766,-2.96484,-2.7253,0.167373,
1.72275,0.113943,0.312929,-0.891742,0.0350928,0.852514,0.0840813,-0.157083,1.05401,
2.97704,-2.04402,0.222219,-2.69263,0.926318,1.01958,0.202207,2.55066,0.21955,
1.4766,-0.0245011,1.65772,2.56559,-1.47586,0.0424617,-2.9859,0.433177,0.566599,
2.3999,-0.482594,0.376538,1.90961,0.842409,0.553742,-0.245188,-2.86065,0.672136,
-2.58769,0.0316431,1.17328,-0.209835,-0.210329,0.457067,2.20152,-1.23302,0.614032,
-1.67234,0.145984,0.731964,2.94878,-1.65453,0.356968,2.95914,1.40499,0.765488,
-2.78516,2.97078,0.197355,-2.31627,-1.85609,0.328373,2.67334,-0.017835,0.362288,
2.94181,-0.00683076,1.53912,0.561324,1.82146,0.0670663,-1.85755,-2.86934,0.526874,
-2.80418,-0.179721,0.63027,-2.20042,-1.76059,0.265539,-2.32721,2.6884,0.149959,
2.84428,-0.247099,0.252386,-0.821003,0.167497,1.38007,0.490499,-0.705738,0.966569,
-2.13115,0.642852,0.303752,1.06784,1.35504,0.13306,-1.6219,1.22785,0.346796,
-1.26373,-2.55498,0.117142,2.76616,0.451041,1.17948,-0.295482,1.42926,0.234562,
2.63532,0.213712,0.474172,1.39624,-1.83513,0.169056,1.52555,-2.83921,0.436501,
2.59833,2.70839,0.0543622,2.33251,-0.442034,1.07662,2.81002,2.89701,0.659222,
-0.582607,-2.71954,0.189447,-1.91015,0.821447,0.400972,-1.71468,2.84616,0.598941,
1.0842,2.41164,0.095182,-2.75876,-0.387098,0.661634,-2.19867,-0.0412626,0.905113,
1.614,-0.968834,0.251601,2.56643,0.181019,0.664055,-2.71464,2.98938,0.258539,
2.80045,-0.394874,0.458244,-2.89057,0.71657,1.16236,1.33875,-2.24956,0.234874,
2.79008,-1.04978,0.345049,2.3776,2.65624,0.350222,-0.672795,-2.95641,0.673763,
2.55756,3.09204,0.253805,-1.39198,-1.94745,0.169743,-0.695689,-1.86139,0.0328738,
-2.0595,-0.0731974,1.28801,1.36738,2.08997,0.224282,1.36752,2.20354,0.561332,
-2.49054,1.66645,0.231398,-2.82741,-1.76478,0.452688,2.43118,-0.748555,0.412295,
2.76851,3.13186,0.235936,2.16756,-2.39469,0.231432,1.76194,-2.88639,0.510381,
-2.10678,1.50512,0.258752,0.63388,-1.12118,0.888636,0.546483,0.345809,0.338161,
-1.6906,0.0930424,0.864428,-2.85256,1.73928,0.317437,0.0659961,-0.380731,0.0638655,
2.76541,0.560661,0.210148,-2.94502,-2.88531,0.1568,-1.58218,1.84103,0.321335,
2.75371,0.00528214,0.825242,-1.87047,0.429807,0.580397,2.80925,2.62981,0.211037,
-2.38342,0.0737116,0.885388,2.82626,2.92478,0.167095,-0.583446,-1.38173,0.696647,
-0.521613,2.59254,0.2381,-1.41263,-2.82833,0.782284,1.22093,1.60499,0.112166,
1.34554,-0.72866,0.301861,-0.991057,2.16188,0.207147,1.96254,0.296612,0.322499,
-1.9075,0.0461992,0.820323,-2.91967,2.23233,0.139442,-1.69221,2.85271,0.28271,
-2.33353,-0.0486201,0.358918,0.353632,0.663743,0.562926,-2.88112,-0.483669,0.135126,
2.5265,0.0511611,0.938401,-0.328126,-2.31305,0.190559,0.163013,-2.71693,0.409408,
2.90362,2.5514,0.136682,1.30987,-2.25774,0.438247,1.40075,-2.18442,0.129886,
2.23253,0.00850231,1.69896,-0.467028,0.213091,0.82642,1.6455,-0.86199,0.496797,
1.9337,-0.14289,0.657671,-1.77662,2.87503,0.378212,1.1198,2.37456,0.221971,
-2.4443,0.0304922,1.00117,2.71736,0.688692,0.485276,2.54102,-2.88744,0.538979,
2.1885,0.229149,0.888199,-1.50134,-1.96319,0.156629,-0.87157,-1.52585,0.792639,
-2.12013,-0.0554427,0.92976,-1.11304,-0.828108,0.361696,2.6696,2.6796,0.396207,
-2.68731,-0.104145,0.567737,-1.00389,-1.9423,0.461616,-1.801,-1.48342,0.104588,
2.77348,0.571806,0.440881,-2.67849,-1.13164,0.441825,-0.115891,-1.32135,0.622888,
1.44698,-0.988533,0.117122,2.07802,0.494697,1.09199,0.420418,2.27976,0.169097,
2.66934,0.135133,0.784104,-2.72713,-0.354143,1.22861,0.0651816,0.199864,0.0333788,
2.20649,0.0932558,0.173071,0.76845,1.74199,0.475563,0.579905,1.2782,0.181851,
-2.26852,0.0780864,0.079741,-1.35643,-0.53987,0.735988,1.20711,3.10611,0.664853,
-2.76058,-0.00712863,0.85767,1.35826,0.0527945,0.177266,-0.278129,-1.51741,0.10946,
-1.64156,0.144391,0.393423,1.85038,-0.0988949,1.95806,-1.07153,-1.72507,0.269783,
-1.51441,2.66336,0.101092,-2.4032,-1.73256,0.19673,-0.142425,-3.1105,0.115799,
-1.65319,-0.899735,0.146193,1.97935,2.56907,0.199128,-1.82217,-2.84009,0.0848812,
-2.75473,1.9765,0.258197,-1.49741,-2.50006,0.058085,-2.21068,-1.73407,0.773987,
2.80953,-0.457761,0.712061,-0.0596382,-0.505808,0.256244,1.14883,1.77933,0.0919447,
0.880128,-0.00346097,2.53118,-2.89853,-0.958194,0.464851,1.61729,3.07674,0.409479,
-0.55784,-2.04755,0.0937892,-2.33385,0.151745,0.413512,2.49798,-0.00546487,1.08952,
2.98851,-2.01028,0.33476,1.43858,3.12351,0.250296,-2.26056,-2.2411,0.118492,
-2.88526,1.9026,0.126199,-1.89323,-1.03384,0.821535,-2.8234,2.37426,0.138279,
-1.24795,1.84145,0.0123168,2.91383,-0.0611035,2.66813,0.340622,2.99151,0.583225,
-1.51105,-0.0150211,2.30571,-1.87653,1.2552,0.137365,2.14732,-0.134308,0.847647,
1.93825,0.25156,0.778407,1.70884,-2.38086,0.273563,-2.51838,1.05299,0.793324,
-2.51913,-0.328068,0.365667,-1.78835,0.58977,0.80774,-2.97777,0.462126,0.139746,
1.61393,0.189209,0.329854,2.58324,-0.0796397,1.03191,0.337882,-1.06033,0.254216,
1.82921,0.0413175,0.919464,-2.46056,-2.81745,0.267261,0.564279,1.74566,0.097981,
-1.12035,-0.0689886,0.477488,-2.55806,0.273586,0.784121,-0.725682,-1.28378,0.947319,
-1.78281,0.17516,0.761944,0.339403,-1.82256,0.39176,-0.978906,-1.5875,0.29909,
-2.94961,0.0627827,0.504708,1.40825,-2.21212,0.333017,2.08707,2.43857,0.26518,
2.01983,-0.276974,0.569233,2.77468,-1.15747,0.219699,-2.52279,0.571163,0.364001,
-0.772718,-2.3129,0.0885697,-2.94864,-0.0802515,0.454661,-0.545308,1.80582,0.277066,
2.17024,1.08467,0.334822,0.798901,-1.52745,0.612705,-1.79535,-2.5398,0.192779,
-2.99087,-2.79048,0.193624,-2.60074,1.41407,0.105995,2.24391,-1.41319,0.347461,
2.36701,0.128237,0.801038,-0.0599957,-0.997765,0.426229,-2.87571,1.84163,0.50193,
-1.33156,-1.18813,0.21038,1.71332,-0.281756,0.346029,-0.677554,2.99425,0.619651,
-0.37615,-0.41953,0.44022,-2.31743,0.73417,0.868212,1.04705,1.58776,0.318166,
-0.792737,-1.98484,0.19027,-2.65261,1.08027,1.03514,-2.21217,-0.542984,0.397509,
-1.30895,0.00161843,2.00366,1.86536,-1.97758,0.269566,-1.38382,1.94532,0.48658,
-2.59425,-0.0518128,0.699507,-0.954976,-0.18536,0.132701,2.44393,-0.901149,0.197077,
-1.40342,-2.12015,0.118727,-2.24429,0.53145,0.802067,0.404862,2.42613,0.24915,
-2.08534,2.41424,0.17816,-1.44606,-1.76876,0.537522,0.390882,-2.24724,0.344915,
-1.67622,-2.85175,0.11047,-2.29113,-0.41047,0.231634,0.46279,1.50146,0.461582,
-2.56019,0.233685,0.326999,-2.70245,-0.0176695,1.0472,-0.0308775,-2.28082,0.220672,
-2.6673,-0.108859,0.923537,1.89381,2.2918,0.341582,-1.61765,-1.92719,0.707417,
-2.24435,0.578856,0.388963,2.82755,-0.850856,0.881372,-1.30469,-2.1286,0.266576,
1.10216,-0.0660276,1.23382,1.37727,2.84748,0.049604,-0.24699,-0.888772,0.34343,
-0.943438,0.840219,0.0173885,-3.00418,0.432016,0.512259,2.26761,1.63768,0.128305,
-0.689587,-0.0249979,2.56549,-2.15929,-2.0078,0.0881289,-2.57094,0.933741,0.613512,
1.55701,0.19297,1.14942,0.76046,-2.9003,0.47071,-1.45588,0.742232,0.20204,
2.90417,-1.37271,0.402151,1.84416,2.80721,0.596549,2.92337,-0.614257,0.243733,
-1.37528,0.13665,0.957231,0.653647,-1.10305,0.615219,0.841193,2.01135,0.937279,
-1.52289,0.0464285,0.263503,-1.80636,-1.84165,0.279699,-1.80753,2.63949,0.180912,
-2.38199,0.0122776,0.663008,-3.00196,-1.71396,0.499678,0.362419,-1.91263,0.0783378,
-1.70533,2.70844,0.123746,-2.34152,-0.970128,0.223102,-0.0608549,-1.63026,0.66103,
-1.29107,0.307759,0.36386,-2.92795,-0.0137497,0.145955,-0.512172,-0.494034,1.24577,
-1.11691,0.556637,0.252525,-1.44194,-0.342954,1.53961,2.32065,2.01089,0.116388,
-0.578841,0.00714432,4.33901,-0.246939,2.95401,0.274885,0.559047,1.60566,0.154743,
-2.9117,-0.206389,0.385123,-1.98512,2.3899,0.257272,-0.473959,-1.05905,0.150589,
-1.67914,-0.0503455,1.01573,-1.94554,-1.12007,0.38295,2.8038,3.03944,0.301759,
2.65263,2.30334,0.12198,2.52262,-0.488114,0.408031,1.67527,-0.248425,0.5473,
-0.531792,2.1859,0.0818025,2.38266,-1.52994,0.357864,1.50328,-1.67495,0.489683,
2.88583,0.855576,0.334826,-0.907118,1.16714,0.201004,1.63593,-0.634901,0.239773,
0.801573,0.104911,0.854574,0.688764,-1.995,0.0782363,-1.06834,-0.302811,0.636131,
-1.99339,0.241769,0.886875,0.253563,-1.50837,0.456493,1.27821,2.09416,0.480886,
-1.12533,2.72871,0.0638199,-1.94827,-0.397191,0.612209,-1.38478,-2.7969,0.38092,
-2.70837,1.61243,0.22643,0.0144251,-0.129932,0.221988,-2.71553,-1.84342,0.788354,
-2.62918,0.0464257,0.666291,2.21639,-1.14414,0.174271,-1.74656,2.66018,0.349405,
-1.99841,0.254534,0.910765,1.96769,1.82239,0.202147,0.611314,1.49323,0.126646,
2.47388,0.152552,0.698308,0.936428,1.25267,0.400787,-1.2097,-2.12175,0.0525571,
1.37475,0.00463985,1.43969,1.75609,-0.243156,0.187572,1.48148,1.28225,0.14167,
1.34389,0.163732,0.766308,-0.262737,-2.72041,0.179014,-2.65235,-2.18654,0.423201,
0.484857,0.107821,1.26573,1.16194,-0.937378,0.831741,1.97442,-1.60856,0.360688,
-2.92667,-0.237239,0.43987,-2.32393,-1.76714,0.129461,0.260941,-2.60052,0.210419,
2.08639,-0.0153103,1.75158,1.10631,0.349908,0.385271,2.11988,0.199804,0.206302,
1.07996,-0.439396,0.682088,2.9322,2.69189,0.295578,-1.34533,-0.316042,1.34819,
-2.31136,2.74581,0.236735,2.26167,-1.72643,0.648547,-1.22653,1.875,0.210486,
-2.68863,-0.133922,0.661848,2.94193,2.08862,0.297373,-2.70127,-0.901092,1.03688,
1.33024,1.4865,0.0401472,2.30484,1.99562,0.327738,1.32895,-1.95749,0.0748948,
-2.8764,0.293017,0.349047,0.922155,-1.2413,0.33784,1.48617,1.58407,0.626948,
1.61133,-0.428332,0.262138,-2.98488,1.73248,0.457683,2.75539,-1.51057,0.445712,
1.09572,0.518373,0.521187,2.57239,0.356791,0.0324862,1.02012,-1.92527,0.0823873,
-1.23234,-0.926328,0.109372,-1.51898,-0.422371,0.467224,0.469002,2.1921,0.477281,
-2.19177,-0.377591,0.391861,-0.774005,1.28521,0.267696,-0.71676,-2.54264,0.467638,
-1.39051,0.323373,0.464648,-1.51451,-2.47801,0.244933,-0.397358,-1.14512,0.339239,
-1.44275,0.0823095,1.27594,-1.15021,2.24698,0.138884,-1.4641,0.0915806,0.0985974,
-2.45043,0.523437,0.610635,-0.00565877,-2.88981,0.306988,-1.95781,-2.81889,0.141073,
1.98919,-0.0512513,0.790229,1.52804,0.131999,0.992698,-0.592553,-2.96243,0.21375,
2.43554,-0.366691,0.219775,1.50505,-0.0964998,0.896342,0.802018,-1.51743,0.237997,
2.40052,-0.497384,0.3487,-1.69088,0.7427,0.596505,0.752797,-0.863653,0.416292,
-2.69253,0.59854,0.319089,-2.2694,-0.566586,0.876585,-1.38049,-2.43819,0.283018,
1.8751,-2.78429,0.228213,2.3441,2.9625,0.446311,-1.92678,-0.436568,0.351598,
1.13873,-1.99689,0.160103,2.89147,-1.6826,0.0601378,0.575418,-2.26051,0.108423,
1.60017,0.603186,0.557801,0.53959,0.0392566,0.168497,0.631315,-1.44187,0.252167,
-1.76657,0.102707,1.04929,0.0231837,-2.90024,0.231794,-1.74582,-2.4664,0.384447,
-0.589951,0.0713123,1.1689,-2.90896,-1.50719,0.10153,2.01079,-2.0095,0.279193,
-0.817742,-0.0219231,1.9276,2.60527,-1.34206,0.22869,-0.889397,-0.149145,0.496942,
2.4796,0.00439115,0.893107,-2.87686,0.5648,0.220708,2.83339,3.08763,0.226693,
-1.98472,1.92552,0.267971,-1.13335,-2.74284,0.40073,1.56268,-1.17541,0.324263,
-0.933788,1.65526,0.218554,2.34703,-0.824491,0.58589,2.37599,-0.735531,0.648658,
-1.52411,1.70336,0.296574,-2.48636,-2.61309,0.716258,-2.32794,0.737674,0.197285,
-0.709094,-0.0692182,1.13648,-2.48067,-2.20762,0.277185,0.965335,-1.80823,0.242962,
0.568556,0.800842,0.259186,0.103986,-2.24427,0.186369,-0.992231,0.302438,1.17113,
2.242,-0.477564,0.381499,-0.885016,2.07964,0.205891,-1.17322,-2.08473,0.0698617,
1.1537,-1.02602,0.46247,1.07379,2.60119,0.141986,-1.42114,1.06193,0.0876919,
2.0386,-0.749229,0.333675,1.38644,1.30836,0.492263,-1.50596,-1.62872,0.784226,
1.46635,1.79349,0.210477,-1.49867,-0.679612,1.12442,2.67781,1.54827,1.01805,
1.537,1.80414,0.239672,0.956097,-1.86066,0.704484,1.59229,-3.0194,0.260789,
0.181078,0.707905,0.0957816,2.42868,-0.270656,0.513866,-2.34188,-1.74923,0.397585,
2.13946,-1.54475,0.198647,0.993283,2.65681,0.353858,-2.62522,-0.572082,0.466776,
2.37146,0.329111,0.359901,-1.42124,2.99505,0.0883721,1.87331,-2.87634,0.659405,
-2.93632,1.5612,0.310993,-1.53946,-2.27643,0.531633,0.354145,2.25345,0.775692,
1.7776,-0.222863,0.445834,2.32653,-1.60969,0.303874,2.83356,-1.06646,0.136609,
2.51605,-0.180644,0.195335,0.383386,-0.0681529,1.18038,-1.43139,0.724777,0.0999046,
2.2542,0.895821,0.276781,0.452562,-2.84946,0.316901,-2.17511,0.233475,0.131897,
-2.52332,0.498559,0.139193,1.51557,-0.347882,0.675255,-0.834015,2.27404,0.744272,
2.41244,0.0223262,1.23478,-0.364152,-2.25416,0.13029,-1.98206,1.7226,0.210235,
-1.88436,1.22775,0.263396,-1.59746,-1.61381,0.383837,0.162515,-1.81303,0.313021,
2.0226,-0.480684,0.233393,0.836703,1.06916,0.19776,2.41063,-1.39844,0.707606,
1.92126,-0.416445,0.499087,0.062465,2.31957,0.353314,2.1018,2.83827,0.048076,
1.62608,2.06948,0.145004,0.606965,-0.775709,0.841617,-0.707399,-1.79636,0.255594,
-2.22298,0.258594,0.592889,-0.886544,-1.7681,0.127563,2.2115,1.35507,0.42501,
-2.09291,-0.245034,0.556362,-2.95389,0.575661,0.0570575,-2.07687,-0.234412,0.485242,
2.29787,2.18752,0.137945,2.45898,-3.06413,0.21724,-0.626615,0.489786,0.488887,
2.69851,0.891612,0.346637,-0.372499,-3.13393,0.315415,-2.03003,0.547374,0.0997459,
2.63667,0.235513,0.128364,2.36228,-0.171175,1.14038,-0.751896,1.25467,0.0935955,
2.82576,-0.262234,0.137392,-0.111239,1.73174,0.239708,1.64017,-2.82605,0.0901847,
-1.40677,-0.37277,0.786026,2.67624,2.73046,0.58942,-1.38278,1.24178,0.293446,
-2.15252,-2.96325,0.0980574,-1.65592,-0.570574,0.117666,-1.73511,1.23947,0.556752,
1.60092,0.597873,0.560719,-2.75865,-2.46012,0.0917337,1.77796,-3.14919,0.724482,
1.36499,0.0195358,0.376437,-0.0615717,0.00616589,0.710534,1.59316,0.241429,0.719538,
-2.70679,1.8597,0.23763,-0.637687,-2.46245,0.39703,2.5021,-0.921155,0.214892,
-2.93738,-0.101131,1.18298,0.663268,2.74535,0.180984,0.0601606,-0.409817,0.879492,
1.01873,-0.0129298,2.38766,2.8667,1.16453,0.391221,-1.42381,-2.83272,0.59423,
0.720937,-2.98679,0.205776,-2.07762,1.82785,0.708356,-2.56128,2.75144,0.200306,
-0.615493,-0.117964,1.12695,-2.07921,2.82985,0.527248,-2.63451,-0.757358,0.373792,
-1.69556,-2.61637,0.0989413,-1.86964,0.970857,0.703235,-0.919619,0.855953,0.194985,
2.12202,-1.17171,0.165748,0.0238956,-1.62389,0.221313,0.0855386,1.98984,1.09277,
-1.86744,0.0084256,0.821712,0.487969,-0.35227,0.486868,-1.2974,-2.91852,0.297244,
-2.03295,-0.347445,0.426686,0.433447,0.887852,0.360281,1.44685,0.380962,0.0981982,
-2.84849,1.61615,0.243662,-2.76293,-0.670484,0.339606,1.52647,-2.62374,0.086404,
1.81395,0.580177,0.412449,-2.7855,-0.827019,0.959702,-2.38468,2.77599,0.816814,
1.11051,2.59838,0.169351,0.348246,-0.787787,0.185996,2.31175,-1.04212,0.664928,
-1.69563,-2.21694,0.0962427,-0.658693,-2.05489,0.225329,-0.198387,2.94114,0.377683,
-1.93588,0.0153062,0.961476,1.56742,-0.541451,0.446269,-1.10741,1.49799,0.466052,
-0.794742,-2.14739,0.159037,-0.13983,0.103177,0.250696,-2.01396,1.13435,0.678032,
2.49855,-0.575097,0.0456025,0.440247,0.0875401,1.70273,-2.71628,0.323931,0.289699,
2.75273,-1.96239,0.28223,0.139812,1.65972,0.825967,1.27804,0.961778,0.353638,
1.77703,-1.66857,0.193986,-1.35209,0.617412,1.35738,-2.46944,1.57832,0.432,
-0.492995,0.0940414,0.293471,-0.85823,-0.0481151,1.03034,0.743694,-1.28046,0.488195,
2.52416,-0.100827,0.545636,2.32432,-0.445594,0.456174,1.67963,0.779906,0.222329,
-0.513652,0.219831,0.93845,-2.19034,-2.68702,0.380876,-0.660311,-0.576448,0.20622,
2.91802,-1.44143,0.294214,1.26238,3.12182,0.06916,-2.03661,-1.13132,0.323027,
-0.788906,0.0425006,0.609032,-2.62461,-3.15671,0.15211,2.55778,1.51219,0.27062,
1.18422,0.0181396,2.01509,-0.142567,-1.80921,0.101936,2.65078,0.132296,0.302103,
1.53743,1.75641,0.19404,2.66441,-1.87606,0.329249,-2.6606,3.10606,0.436983,
-1.39385,-0.116486,0.638339,0.349639,-2.04665,0.276494,1.62949,-2.96259,0.163548,
-2.63899,-1.3368,0.252537,-1.42639,1.2354,0.204772,-1.62073,-1.39349,0.476248,
2.56972,-0.0123483,0.259126,0.55026,0.191451,0.110646,-0.113449,-0.0140454,1.97647,
-2.34614,-0.895818,0.369237,0.0102269,2.39098,0.162874,-0.572701,0.706597,0.335223,
0.946509,0.0444338,1.23987,-0.248739,-0.860099,0.238879,-2.8504,-1.81332,0.418902,
0.353205,0.154832,0.424581,-1.77112,-0.816812,0.261901,0.536707,2.26474,0.400026,
2.86538,-0.0337012,0.491003,-2.86627,2.75276,0.172782,1.31309,-2.34988,0.534192,
0.571293,-0.0289282,1.72876,2.61931,2.28351,0.564833,-2.21197,2.69833,0.124905,
-2.36507,-0.90053,0.436204,2.6815,-3.05297,0.217598,-1.79863,-1.38467,0.187071,
0.817558,0.202937,0.648441,0.824835,-0.414111,0.653014,-2.93416,-0.135015,1.16074,
1.739,-0.0262071,0.530672,1.03841,0.540283,0.197507,-2.31505,0.13319,0.323642,
2.90076,0.843442,0.146068,2.52944,0.777392,0.133386,0.665868,-0.660796,0.684401,
2.92065,0.0337493,0.538704,1.33558,-0.845341,0.656768,2.35983,2.50876,0.195825,
-0.675641,1.98086,0.138683,-0.974255,-2.77163,0.451888,-0.609088,0.574816,0.22667,
-2.3705,0.447896,0.520231,1.37529,0.588715,0.14627,2.94482,-2.60708,0.493813,
-0.440956,0.133157,0.818269,-2.92649,-0.480608,0.632126,0.234406,0.111587,0.977553,
0.545153,-1.77644,0.145398,2.62296,2.65252,0.294836,2.91172,-1.09551,1.31291,
1.12251,0.00187465,1.07381,-1.05424,0.0416722,1.44533,-2.54133,-1.78815,0.725057,
-2.91535,0.0295399,0.562462,1.07132,-0.0317019,0.289725,2.87201,0.948239,0.244196,
1.7408,1.5228,0.10015,2.53038,-1.59608,0.326065,-2.90963,2.1695,0.127764,
2.74315,-1.21249,0.127942,-2.21274,-2.91452,0.0839919,-2.01215,2.74496,0.3602,
-1.39561,-0.296255,0.705479,-2.26396,1.27856,0.332055,-0.568925,2.47735,0.184387,
2.04272,1.51089,0.0790122,-1.40035,2.87946,0.189772,-1.30522,-2.31375,0.65117,
-0.7252,0.127386,1.09363,-2.40124,-1.82436,0.570001,-2.4419,-0.449482,0.177771,
-0.986552,0.110407,1.01488,2.38535,1.03087,0.196086,-2.94624,-0.584494,0.194733,
1.10925,-1.31167,0.268345,-1.98337,-1.26492,0.0882656,1.2356,-0.947114,0.0608051,
-1.08775,0.0281644,1.05094,-1.02525,-0.0444765,1.62,-1.8348,-2.90781,0.157085,
-0.387716,0.495686,0.420581,-2.72825,-2.05166,0.582505,-2.05687,-0.625767,0.0810863,
-1.47073,-0.431509,0.684183,-1.91149,2.37514,0.085448,-0.801036,-2.03349,0.240084,
-1.84795,0.154457,0.357929,-1.62576,-0.471055,0.394525,-0.940009,-0.990884,0.112056,
1.35642,1.21092,0.430585,0.591754,1.07537,0.104489,-0.537715,-1.29511,0.198741,
2.14553,-1.40548,0.0882254,0.94998,-1.49748,0.247693,0.848222,2.36397,0.544572,
2.03861,-0.0527093,1.30378,1.12986,-0.411419,0.0602811,-2.81549,2.08713,0.211687,
0.124879,3.07559,0.0772368,-2.81115,-1.81733,0.343633,0.143918,-0.228672,0.326843,
1.98226,0.396967,0.557693,-1.6995,-1.71402,0.574731,-1.10349,2.23554,0.846449,
0.184093,1.19093,0.136269,-1.15123,-2.00112,0.588183,-2.48848,-1.6373,0.185415,
2.62442,0.434849,0.273945,-0.632957,-1.67786,0.231166,1.4554,1.77304,0.473599,
-3.00758,-2.31025,0.0857803,-1.74501,1.82312,0.140665,-1.0067,-1.68656,0.383213,
0.137784,2.23783,0.171031,-2.94404,-0.570759,0.780457,1.40992,0.316873,0.463204,
-1.04536,-0.032162,1.46935,2.21222,1.72622,0.121687,-1.24063,-0.135466,1.9591,
2.43308,2.16925,0.0850056,2.81085,-2.51011,0.147346,0.834469,-1.03837,0.444998,
2.02472,-2.2247,0.0991496,-2.65969,0.353721,0.789099,-2.86475,0.114143,0.974038,
0.460962,1.00334,0.290481,-1.10032,-2.81485,0.113706,-2.21752,2.77271,0.360806,
-0.6933,0.87656,0.230805,-2.64847,-2.71905,0.397598,-0.239126,1.67415,0.361319,
2.84243,2.84033,0.272585,0.28831,2.69322,0.191129,-0.899059,-1.36353,0.154365,
1.18095,-1.38809,0.344278,-2.21169,2.11636,0.249634,-2.44044,2.60077,0.539324,
-1.33743,-0.044266,0.995231,-1.62393,-1.05403,0.320939,1.77655,2.48232,0.440081,
0.183363,-0.881192,0.0814299,1.6398,0.0625846,1.20401,0.684757,0.0244815,1.25622,
1.50889,0.0598807,1.00764,2.14041,-2.41869,0.291181,2.84097,-1.62453,0.393808,
-2.3272,-1.56624,0.0872896,0.561979,0.323215,0.234444,0.514125,0.705235,0.134554,
-2.59616,3.14689,0.17445,-0.130007,-1.73434,1.03424,-2.32367,1.13905,0.159703,
0.513839,0.76415,0.137891,-2.47362,0.532798,0.169695,-1.85013,-2.62668,0.31404,
1.21782,0.256117,0.571834,-1.28131,-1.8292,0.277729,-2.76047,1.11281,0.817865,
-0.586362,-0.0661772,1.04226,-0.0904245,0.636417,0.189899,-1.67557,0.559266,0.588773,
-2.80872,-0.796665,0.233539,1.68106,1.93601,0.343217,-1.66159,-2.2638,0.471997,
-2.01497,0.470526,0.322613,1.09423,2.16142,0.176561,-2.72459,-1.33597,0.862482,
0.932664,0.986896,0.282867,1.71942,-0.760499,0.916328,1.25967,-0.156377,0.491596,
-1.84083,0.0877989,0.769005,1.55943,-1.8023,0.262111,-0.498405,-1.67254,0.0899137,
-2.34194,2.59829,0.0864607,-1.60262,-0.191659,1.24391,-2.20214,0.608911,0.385043,
-1.31297,-0.628019,0.375239,0.655708,0.350975,0.170789,-1.55214,0.896996,0.780485,
-1.38333,-0.343961,0.788724,1.6604,-1.08014,0.263526,-0.711406,2.72645,0.0671487,
0.118684,2.05746,0.110888,2.23333,-0.706842,0.14536,0.391219,-0.148894,0.59588,
2.65457,1.70488,0.230922,-0.850019,1.60887,0.130327,-0.949435,-1.81204,0.395977,
-0.957396,-2.86394,0.316348,0.981989,2.87028,0.228842,1.57101,-2.58974,0.0353392,
-1.98027,-0.421455,0.416711,-0.893533,1.39855,0.530965,2.92898,-3.04586,0.115589,
2.04299,0.574562,0.174781,-2.43973,-2.60324,0.125443,-0.63795,2.08734,0.317121,
0.801882,-1.15261,0.363886,1.52479,2.78135,0.367013,-1.58321,-0.476312,0.224514,
0.635995,0.341027,0.590301,0.573588,-2.65972,0.0939882,0.0978632,-0.584138,0.892314,
-2.107,0.36577,0.430589,1.89804,-0.870297,0.466963,1.37466,-3.0909,0.0301012,
-1.66855,-0.97154,0.361763,-0.828232,2.54022,0.415367,1.03487,-1.61336,0.264077,
-0.534971,-2.80627,0.123882,-2.56648,2.0604,0.332597,1.28847,-0.900063,0.532159,
1.61547,0.574462,0.264049,0.00595208,1.76811,0.165254,2.32714,2.09022,0.0956205,
1.8739,0.003499,1.17668,-1.26096,-3.11224,0.143422,-0.130933,3.12343,0.605468,
1.78295,-0.695358,0.307034,-1.6407,0.513054,0.577419,-0.966072,3.14839,0.466464,
1.47792,-0.960904,0.243064,1.90225,0.87588,0.169604,0.578519,-0.136568,0.54236,
-0.684722,-0.543095,0.0446951,-0.449188,-0.871002,0.218849,2.95063,0.911882,0.824847,
2.25296,-1.96382,0.157383,0.114672,1.81018,0.436196,-1.00057,-2.55621,0.265136,
-2.54632,0.441119,0.19635,-1.67023,-0.267649,1.43253,1.07802,1.24755,0.181147,
-2.35987,2.07109,0.189544,-0.835936,-1.86436,0.358348,-2.94372,-0.286603,0.427323,
0.165094,-0.111938,1.27988,-1.51078,0.941661,0.044059,-1.94995,1.31776,0.981549,
0.950634,-0.287657,0.363765,-2.98846,0.568099,0.623585,-0.659966,-0.522823,1.08998,
-2.68996,-0.54828,0.553911,-1.0196,-0.306339,0.411431,-0.612332,0.451809,0.0407182,
-2.6294,-1.07674,0.341034,-0.923642,1.70622,0.353963,-1.6066,0.154477,0.360868,
1.64701,0.190654,0.657169,0.692156,-1.04814,0.21516,2.39415,1.04505,0.229143,
2.59656,0.0096371,0.741532,0.511372,0.911522,0.443736,-0.41844,-2.24214,0.878437,
-0.770305,2.44906,0.308937,0.750454,-2.93277,0.47569,-1.47789,0.61691,0.046638,
1.07886,-0.124632,0.760321,2.81051,1.56998,0.492497,0.189266,0.206696,0.162836,
-0.390377,-0.374027,0.533315,-1.22798,2.40258,0.607491,0.298023,-2.80318,0.206937,
2.0807,-0.0238091,0.49796,-1.47006,-0.667927,0.207199,0.0595382,-2.44286,0.248933,
-0.701211,2.1978,0.0885843,-2.10435,-0.241027,0.388534,-1.88806,-0.405152,0.700659,
1.30673,-2.70645,0.0885094,2.16462,1.19632,0.657316,1.44666,2.18788,0.147787,
-2.39166,-2.69995,0.346482,0.597017,1.90391,0.16732,1.0901,-2.49733,0.0262691,
-2.0576,-1.52677,0.178372,-2.39527,1.22606,0.273213,-1.78516,-1.93993,0.0892032,
1.09589,-0.122883,0.965288,-0.552059,-2.23948,0.0702884,-1.0832,2.86287,0.45228,
0.470905,-2.10603,0.161714,-2.13549,1.8286,0.685191,-2.96408,-2.53398,0.0796847,
2.60362,-2.68477,0.200882,1.25861,1.24454,0.684285,2.10806,0.786269,0.0475189,
-0.914424,0.946841,0.12286,-2.11747,-0.409007,0.680946,0.444204,2.15543,0.509836,
-1.19389,-1.73586,0.232468,-2.41953,-0.293362,0.138119,0.902143,1.66244,0.627579,
-1.9805,-0.470571,0.465895,1.36309,-0.120978,0.130361,-2.68277,1.23526,0.14945,
-2.62524,-1.17606,0.39652,-1.05531,2.45941,0.50298,-2.1237,-0.934627,0.900691,
2.28433,3.09752,0.10423,-2.37699,-0.450877,0.258576,1.74311,0.595088,0.220302,
-2.73747,2.59768,0.119677,0.763113,-0.298304,0.815757,1.63826,2.25315,0.324992,
-1.58972,-1.79212,0.195721,-1.18166,2.10315,0.535667,0.790329,2.03551,0.183069,
0.915575,-0.0166707,0.844223,1.3628,0.613803,0.236065,2.20706,3.04984,0.446735,
-1.893,-0.295609,0.69441,0.498411,1.66309,0.755052,2.53955,0.327393,0.185154,
2.0022,-0.219504,0.397346,0.0493637,-1.67731,0.231201,-2.95311,1.94742,0.901287,
-1.77535,1.01074,0.295149,0.366545,-2.21273,0.406741,-1.50188,-2.34049,0.177696,
2.87592,-2.44632,0.130563,1.79946,-0.104728,0.295113,1.3421,2.78499,0.0999783,
-0.767703,2.05645,0.128904,-1.41912,-1.48333,0.103053,2.27923,-0.209723,1.18994,
1.58756,-1.72468,0.219018,-2.92629,1.11037,0.461816,-1.35707,1.52934,0.494715,
-2.16439,0.479182,0.297121,2.71248,-2.54582,0.1781,-1.58872,-2.51979,0.345565,
-2.2657,0.985544,0.299493,2.89992,-0.458362,0.399463,-1.32459,-0.7341,0.0650453,
-2.25872,2.95216,0.166458,1.67557,-1.1373,0.667562,0.351525,-3.13333,0.343283,
2.63439,-2.11789,0.260333,2.71191,2.16225,0.498295,0.0480885,-1.49657,0.29523,
-0.0278235,0.0149607,0.701746,1.61754,-0.0227888,2.40389,0.370074,0.606983,0.670192,
1.70722,-1.82449,0.330604,-2.09094,2.77758,0.300788,-2.70553,0.789666,0.465801,
-2.66871,-0.0963157,0.728151,0.143229,0.930226,0.357072,-1.00595,-0.78878,0.547025,
2.56819,0.37078,0.706939,-2.68465,2.15339,0.0340905,-1.63817,-3.00816,0.530021,
0.313231,0.0475152,1.95054,-0.0627832,-2.23252,0.184468,2.06655,1.83896,0.358146,
1.61846,-0.434906,0.0980378,-0.955339,-0.0819903,1.15965,-2.96558,1.14696,0.913215,
0.778561,0.027755,1.47705,2.55993,0.342435,0.199391,-2.39076,-1.62286,0.377919,
-1.35419,-1.78676,0.174751,-1.79878,2.71268,0.496572,1.22955,-0.748323,0.201854,
-0.796336,-1.50924,0.0207629,-1.52323,0.0233339,0.299673,-1.50084,2.08332,0.072148,
0.383596,-0.105428,0.656021,0.635277,1.15543,0.498505,-0.122166,-1.34397,0.9815,
-0.739194,1.67352,0.302033,-1.67798,-0.550406,0.301335,0.0782048,1.83246,0.11593,
2.89326,0.192657,0.692015,2.51793,0.164565,0.0838029,1.41599,-0.469005,0.692975,
0.399462,0.83513,0.142619,2.42151,-0.758178,0.704012,-0.598695,1.28357,0.189409,
-1.26363,-1.79086,0.153252,-2.74603,2.04832,0.169106,2.50957,-3.03969,0.267978,
0.852179,0.9298,0.374153,1.60756,-2.31158,0.241409,2.36367,0.0156479,1.08809,
-0.291391,0.0380394,1.09836,2.52477,-0.424905,1.21001,-0.0280219,-1.32525,0.183525,
1.96784,0.445832,0.393775,0.580375,-0.765372,1.11433,2.79415,-2.10528,0.0885444,
-1.09791,-1.49424,0.254254,2.96322,1.17619,0.654889,-1.55354,-0.29337,0.454625,
0.0940194,1.99687,0.163921,-0.951969,-0.570546,0.804909,2.30524,-1.17394,0.121096,
-0.862299,0.714398,0.330199,-0.506899,-1.89923,0.605681,-1.02791,-2.47736,0.12392,
-1.81637,2.92053,0.0945587,1.70062,-0.365491,0.202145,1.54114,-1.10027,0.810592,
-2.84193,1.53988,0.21482,1.86097,-0.164973,0.583986,-2.99232,0.282556,0.0981079,
2.73014,-1.35612,0.246348,-2.90264,2.2951,0.297031,-1.97073,-2.52512,0.212036,
1.23302,2.40882,0.0604285,-0.232535,1.49412,0.259657,-2.62267,-2.04426,0.411551,
-2.46359,2.09729,0.302685,-2.01548,-1.62844,0.307,0.777885,-0.306354,0.11902,
-1.24862,-0.491021,0.310342,-1.31748,1.44454,0.35506,1.5664,-1.26332,0.927248,
-2.48419,0.945543,0.318171,0.822002,-1.18129,0.702641,-2.83646,-1.17188,0.277246,
-1.73427,0.512202,0.349668,-2.78987,-0.344805,1.10842,-0.871116,0.903393,0.320811,
3.01198,0.173684,0.439842,-2.15974,0.259665,0.186069,2.28299,-2.88564,0.269369,
-2.89292,-0.0525739,0.327789,1.00838,3.00281,0.19175,0.124895,-1.85913,0.506498,
-1.32593,0.336592,0.292976,-2.1201,-0.918237,0.336814,1.01097,0.6857,0.572014,
2.18743,-0.406183,0.323119,-1.04575,1.97668,0.415038,-0.650793,-0.669946,0.0879026,
-1.65997,-0.406753,0.270038,-0.991654,-0.620531,0.175417,1.86172,1.9881,0.768584,
-1.45217,0.445307,0.472356,1.05083,-1.75683,0.511342,-1.0878,-1.81238,0.218574,
0.500631,-2.07482,0.221375,0.839559,2.12695,0.382414,1.03112,1.66136,0.394025,
2.06543,-0.252679,0.182044,1.71811,2.25203,0.284388,-1.22748,1.77944,0.176487,
-1.87567,-0.0264741,0.302265,-1.08778,0.025625,0.821293,-0.45202,-1.98874,0.610175,
0.74385,-0.033602,1.32022,-2.28004,-2.66337,0.171553,-0.438363,-2.46889,0.0539292,
1.63463,0.491927,0.157962,-0.73081,-2.24936,0.345712,-2.77434,2.83913,0.874485,
-1.48483,0.101876,0.507283,0.951482,-1.16019,0.239571,2.0943,-2.61596,0.400068,
-2.97918,0.52415,0.499495,-0.360456,-2.08616,0.357298,-0.0408214,2.34328,0.225834,
1.42948,0.958889,0.253989,0.266072,1.11907,0.0554784,1.50489,-2.88704,0.311431,
0.456095,-1.11999,0.166929,-2.94964,1.49217,0.413093,-0.924632,-0.702599,0.210566,
1.97279,2.90708,0.187472,2.50085,-1.58124,0.313253,-1.34523,0.0999833,0.280659,
0.564433,-3.02605,0.060643,1.51369,0.235538,1.03624,-1.80028,0.154042,0.314287,
-2.28406,-0.746216,0.34505,-0.244666,0.479682,0.104718,1.92575,-2.00463,0.0675969,
1.88968,1.26518,0.451541,-0.0452769,1.28954,0.220473,1.66552,-1.03256,0.112469,
-0.258653,0.547572,0.141527,0.761982,0.76872,0.652258,2.76274,0.803059,0.156028,
0.43567,1.89072,0.277254,-2.05165,-1.46828,0.536207,2.14477,-2.87992,0.484139,
2.99001,-1.56117,0.193324,-2.78348,2.83557,0.246952,0.714821,-2.42169,0.481931,
-1.74328,1.21317,0.294903,-1.17856,-0.996756,0.288825,1.61815,2.93149,0.256076,
1.58518,0.667402,0.224048,0.389407,-0.269564,0.275142,-0.940764,-0.256268,0.797829,
0.996533,2.42042,0.173082,1.59475,-2.56355,0.301942,-2.33033,1.37522,0.743196,
1.36476,-1.35245,0.152372,1.80109,-0.129873,0.311616,-2.95461,0.927597,1.32861,
1.78965,-0.138962,0.300813,-2.89824,-0.612233,0.0744019,2.71216,-2.1433,0.380967,
-0.637309,-0.365325,0.450175,-0.917017,0.831018,0.646381,2.12171,-2.23393,0.0328371,
-1.94658,-0.0755886,0.993505,2.85409,0.814851,0.758121,-0.846843,2.3263,0.329428,
2.48922,-2.36625,0.326687,-1.12207,-1.42104,0.0763263,-0.459759,0.766036,0.146636,
-1.02927,-0.0930115,0.863206,-1.9932,1.1243,0.599489,2.29998,2.28263,0.250938,
-0.470466,0.082469,0.411162,2.85057,-1.03211,0.536352,-2.32617,2.78748,0.197275,
2.37252,2.05021,0.146925,1.498,-0.515693,0.826291,0.88645,-2.25898,0.0805326,
2.64881,-0.288969,0.441902,1.27724,0.55677,0.453237,0.439121,0.0878459,0.587094,
-2.53615,-3.11852,0.103519,-2.41646,0.605553,0.69759,-0.436734,0.712385,0.503611,
-2.04428,0.208531,0.958151,-0.867427,-1.26229,0.433995,-1.0502,2.05898,0.194301,
0.101987,-0.0133969,3.01763,1.22924,-0.579645,0.391215,2.78386,-1.5706,0.414535,
-0.191757,1.58781,0.183996,1.73274,0.480812,0.130372,-1.20584,-1.80475,0.11685,
1.66044,1.79029,0.336011,0.758685,-2.85252,0.748943,1.22046,0.0681427,0.0803978,
1.87592,-1.18634,0.167467,-0.954585,0.578516,0.590254,1.01219,-1.19255,0.34103,
-0.909342,-0.124341,1.27957,-0.849563,2.4398,0.0823426,2.31415,1.7466,0.156835,
-2.85199,0.187015,0.280741,0.995658,-0.205419,0.53709,-0.447212,-2.06862,0.441217,
0.254417,-0.0401565,1.69524,2.22513,-2.26683,0.131479,-0.305627,-1.39003,0.202905,
-1.53118,3.10159,0.0100454,-0.836959,-2.39243,0.147423,-0.977209,-1.11699,0.27234,
-2.35057,-1.80951,0.043909,-0.561227,-1.66977,0.215031,-1.39616,-2.49059,0.232203,
0.572724,-0.469472,0.276636,-1.02536,0.180633,0.421083,-0.352362,-2.49856,0.433838,
-0.17373,0.786968,0.311687,0.270311,-0.551023,1.01229,2.64053,-2.67173,0.391141,
-1.35589,-0.142369,0.712277,2.88666,1.35942,0.254303,-1.04441,-2.48579,0.285108,
-0.810199,-0.000271722,1.01453,0.789644,0.50178,0.351072,-0.0721309,-2.99978,0.487494,
-1.56126,0.936292,0.515651,0.150626,2.76699,0.14904,1.54246,-0.610449,0.0649712,
1.88066,-0.211004,0.315484,-2.97829,3.10751,0.343007,-2.43408,-1.05159,0.0836047,
-1.24335,-1.65863,0.254173,-1.20241,1.06027,0.76742,-0.0648542,-0.307406,0.198177,
-0.49842,0.616277,0.0863997,2.32876,1.24096,0.3627,1.64613,1.08839,0.236962,
-2.63156,0.0850103,1.09285,1.77981,-2.4114,0.112572,-2.84896,0.0813315,0.815049,
-1.49376,-1.4065,0.0873169,-0.134897,-0.607924,0.441079,-2.38761,2.84356,0.43261,
0.874523,-2.7049,0.103914,2.38439,1.67856,0.386178,0.285445,1.78318,0.280576,
0.0681372,-0.211884,0.199421,-2.20567,2.92707,0.124733,0.226836,1.41432,0.388523,
1.8753,2.40957,0.23402,-1.54732,-1.64103,1.01984,2.22304,-1.42158,0.164509,
1.81991,-0.598224,0.221099,0.0978795,0.884335,0.487537,-2.56519,-2.00084,0.665017,
0.874539,-0.858442,0.415147,1.74628,2.33163,0.386815,0.0036853,-0.806134,1.07593,
2.26591,-2.60772,0.194993,-2.80179,1.84222,0.103336,1.00223,2.28938,0.0518721,
2.00304,2.38298,0.250956,-1.02685,-2.8275,0.156208,-2.82676,2.45445,0.418623,
-0.085664,0.278613,0.42015,1.77603,-0.290848,1.33415,-1.33348,0.584781,0.304995,
-0.876618,-1.11328,0.202653,1.94649,-2.01085,0.179631,0.205274,-1.74411,0.375319,
-1.11242,-0.546573,0.112217,-1.94718,-0.431812,0.330908,0.108277,0.671761,0.691024,
-1.65933,1.30655,0.337579,2.05437,-1.99937,0.483575,0.796234,-0.77712,0.441358,
1.4882,1.02411,0.322852,2.83474,-1.63958,0.185284,-2.92763,-0.340196,0.103518,
1.76478,1.39964,0.152977,-1.29471,-0.181897,0.820305,1.29967,-2.22209,0.593489,
2.62108,-2.63484,0.209917,-2.34878,1.30443,0.773459,0.633041,-1.09605,0.518903,
-0.803507,2.02694,0.100759,-0.0249548,-0.952704,0.0780556,-1.18671,-0.4305,0.9257,
-1.81955,2.37989,0.218622,0.852031,-0.985379,0.02888,1.31313,3.00335,0.102492,
-2.2818,1.12849,0.231921,2.98245,-0.0762994,0.661206,1.27099,0.631054,0.069512,
2.56493,-0.266369,0.424349,-2.24533,1.22026,0.537711,1.51451,-2.71074,0.860646,
2.64001,2.12907,0.217321,1.06439,-1.5597,0.0750846,-0.929067,2.43617,0.111105,
-2.07408,-1.59606,0.292652,-1.91288,2.22928,0.125088,1.40579,-1.2126,0.151228,
2.24151,-0.215385,0.443168,-1.17013,-2.73602,0.245497,-1.807,1.33408,0.244652,
-0.132774,-2.41743,0.0532478,-1.63651,-0.469692,0.630624,-0.00869815,1.53854,0.0726804,
0.159111,-0.237332,0.384117,-1.58847,-1.04185,0.37603,-2.79945,3.07549,0.566402,
2.07568,2.33741,0.235111,-2.31853,-2.26213,0.559668,2.95059,1.14436,0.0828657,
-1.32679,-0.033888,0.622708,2.36509,2.92748,0.412596,-1.393,1.47353,0.171306,
-1.15856,0.296105,0.0933168,-2.20644,1.58574,0.226855,1.7052,-1.13966,1.02216,
1.02978,-0.0143787,2.07238,1.90052,0.0882537,0.864398,2.17105,-1.6757,0.24804,
1.10421,2.788,0.0970488,1.27521,-1.41346,0.520894,-0.393722,-1.61994,0.42286,
-1.42637,-1.90519,0.169841,1.46798,-1.10817,0.392088,1.85398,-1.17304,0.169677,
-1.10549,-0.88017,0.334619,0.725814,0.842487,0.13579,1.1341,0.946791,1.04447,
1.54208,-2.72826,0.164608,-0.0837623,2.66131,0.272974,2.42003,-2.89808,0.301566,
-1.37973,0.502752,0.438287,2.30151,-2.92355,0.188071,2.64823,0.398546,0.737255,
-2.59608,-1.63936,0.305216,-1.43718,1.96412,0.108548,-0.202396,-0.0609452,0.242673,
0.303516,-0.369518,0.63385,0.38861,1.63516,0.428346,-2.40766,-0.677391,1.18532,
-2.19385,-2.58518,0.186324,1.09865,-0.322357,0.415627,-0.132807,-0.096452,0.194611,
-1.34116,-0.032681,0.298738,-0.808569,0.201054,0.0494186,0.715346,-0.28388,0.491772,
0.124087,-2.65961,0.150787,0.806329,-1.49449,0.0926411,-2.92216,-0.405536,0.367665,
0.141096,-1.3252,0.214767,1.16732,1.42345,0.515603,-0.419164,2.75079,0.213772,
2.63503,-0.473392,0.663391,-0.737241,2.36423,0.491968,2.83036,-2.58857,0.347754,
1.73939,1.02572,0.315071,-0.967315,0.216438,0.141726,0.126585,-1.09891,0.364073,
-0.193147,1.15545,0.309627,-0.044024,0.859157,0.119183,1.10335,-1.29796,0.779132,
-1.33454,-1.33559,0.141937,-0.689622,2.65202,0.126659,-2.7848,-1.02641,0.767972,
-2.02344,1.07362,0.178827,1.57814,-0.168614,0.936213,0.249874,-1.83571,0.295172,
2.78102,0.0888436,0.243046,-2.5791,0.892977,0.413939,-1.12958,-1.55629,0.883445,
-0.337635,0.162247,1.27708,0.902875,-1.7805,0.0512748,2.09407,-2.37761,0.257211,
-1.41339,-3.02598,0.132217,-2.3059,-0.182506,0.408208,-2.42406,-0.420972,0.0248898,
2.66081,-2.06735,0.0791716,0.297712,1.09977,0.156974,-1.11026,-0.125674,1.28904,
-2.33748,-1.14749,0.142125,-1.72506,-0.0230392,0.515114,-0.190998,1.91174,0.868467,
0.142644,-2.07114,0.20085,2.96436,-0.660849,0.331531,0.264099,-0.470527,0.147184,
-0.994892,2.23511,0.0692417,0.357488,2.77639,0.135182,0.803694,-0.410396,0.576406,
-0.726952,-1.96318,0.236591,-0.949044,1.07159,0.552265,-0.467609,-0.709299,0.664563,
-1.40541,1.74986,0.280611,-0.836019,-0.762878,0.0981325,-1.53513,-2.08547,0.152777,
1.05802,0.00362584,1.46666,-1.66709,-0.762974,0.58619,-1.77074,2.21827,0.117634,
2.36196,0.157753,0.368086,0.765009,-2.83744,0.202146,-1.17386,1.85952,0.241549,
2.61883,-0.993821,0.386203,-0.914127,-0.380697,0.135236,-0.274777,-2.25525,0.104637,
-0.631005,0.48167,0.165961,-0.273409,-1.02068,0.462632,-0.524206,1.72624,0.785171,
1.25861,-2.85865,0.202505,-1.01653,2.02887,0.445773,1.38614,2.8398,0.309358,
0.857156,0.0371724,1.97668,-1.59324,-0.176468,0.483862,1.28624,-1.24473,0.751686,
0.590733,-2.27711,0.200932,-0.751272,-1.24493,0.382683,-2.41722,-1.6087,0.0605358,
2.75537,0.09718,0.191427,1.33449,-1.36543,0.340386,-0.378341,1.80218,0.411576,
-0.852796,-0.00416369,2.84747,1.74687,0.513443,0.431918,-1.30718,-3.06955,0.506809,
-1.37269,0.243041,0.0903025,2.47229,-0.303159,0.61079,-2.63782,0.417999,0.307962,
-1.17334,-1.35103,0.253217,-1.89614,2.36054,0.112104,-1.61099,-0.154031,0.603714,
-0.804888,2.88018,0.144355,-2.12164,-2.74749,0.369136,-2.02503,0.273245,0.219894,
-0.663726,2.10855,0.266523,-1.0074,-2.92543,0.726364,-2.66014,1.01317,0.1853,
1.08307,-1.07247,0.249589,2.90088,1.32715,0.138701,-1.87479,0.200574,0.129728,
0.481729,-1.38046,0.290142,-0.74992,1.70742,0.293769,2.96285,-1.22081,0.517028,
-2.25037,0.00962311,0.643585,1.42845,2.17286,0.20356,1.55345,-1.71343,0.409965,
0.457534,-1.27759,0.368335,-0.772701,0.668609,0.0850158,-1.10426,2.37314,0.710066,
-2.62483,-1.23395,0.234364,1.47305,2.58765,0.449947,-0.838205,2.76607,0.245909,
2.43749,-0.0882111,0.298256,-1.59663,0.133184,0.864443,-2.44252,-0.0473045,0.214278,
-0.776737,1.81258,0.17285,-0.957199,0.449828,0.165941,-0.0462478,0.806295,0.274749,
0.112125,-0.0863674,1.08336,1.57019,-0.173441,0.120369,2.38023,2.42214,0.467973,
-0.00336074,2.17053,0.182489,1.96199,-1.20301,0.291558,-2.89033,-2.83262,0.321736,
-1.2791,0.0281605,0.626713,-0.375098,1.10352,0.148447,1.8153,0.8708,0.503979,
0.492205,-1.16104,0.246195,1.99984,-1.49553,0.394786,-2.59405,1.75596,0.105501,
0.922618,0.0736116,1.27328,1.53308,-2.60801,0.260333,-1.92472,2.66902,0.478569,
0.760806,-2.84792,0.0105142,1.79331,-2.8755,0.0870325,1.5927,1.34573,0.370675,
1.09595,0.130813,0.745035,-1.47244,-0.843847,0.537044,-0.296845,-2.89352,0.465317,
-1.68308,-0.207581,0.228393,-2.06482,1.79964,0.229525,1.29959,0.742504,0.119944,
-1.02699,-1.92331,0.283138,2.26093,3.01395,0.266784,-1.38192,1.57098,0.52636,
0.416968,-2.11857,0.122224,-0.387263,-0.806949,0.231065,1.99139,-1.15991,0.352974,
1.49964,0.351211,0.115008,2.92568,1.29351,0.15839,1.85413,-0.0215797,0.549147,
-1.15215,1.43056,0.349233,2.42849,-2.41324,0.665785,1.45656,1.64354,0.359971,
0.292344,-0.0539384,0.66733,-1.1037,-0.00298659,0.518958,1.81016,0.332146,1.34439,
-0.498769,0.12179,0.17607,-0.645522,-0.482997,0.670187,0.837201,1.88844,0.644124,
-0.568061,0.154526,0.92448,-0.819651,-2.27551,0.20207,-2.36947,-2.93127,0.282891,
0.319166,-0.634892,0.131371,1.29696,0.0708001,2.07923,1.94272,0.325674,0.240456,
0.458373,-2.39963,0.151628,-2.80158,-0.054149,0.107854,2.36051,-1.83576,0.422412,
-0.472329,0.902646,0.433238,0.469059,0.488564,0.104221,-1.75342,-1.34872,0.209366,
2.79879,1.96042,0.132257,1.73712,-2.31002,0.0895946,-1.3015,-0.0523593,0.607401,
-0.361888,-1.78034,0.241775,-1.11522,0.639899,0.136794,-1.98831,-0.273029,0.286453,
0.350358,1.81057,0.166452,-2.19813,-0.550966,0.864725,0.694428,1.22369,0.329998,
-0.739643,-2.77182,0.0644854,2.40678,-0.103002,0.390353,0.567828,-0.052879,0.62568,
-0.843285,0.291158,0.49179,-2.94193,-1.52611,0.201715,2.74701,1.76306,0.174112,
1.37206,-0.0893508,0.521581,-1.0175,0.365149,0.503798,-1.2765,-1.21083,0.352162,
-0.16947,-0.556483,0.382009,1.53503,0.623743,0.628008,-2.75014,0.784938,0.311577,
0.49391,-0.819134,0.186956,-2.65018,0.272318,1.33861,2.63093,-2.72825,0.336224,
-0.670879,2.62025,0.198993,0.20892,-1.21002,0.690194,1.64754,0.692299,0.705033,
-2.09854,1.36527,0.155431,0.346098,3.0212,0.27834,2.50056,2.07569,0.092189,
1.20262,0.484527,0.103792,-1.68084,0.00644905,1.63813,-0.623109,-0.25979,1.07175,
0.94833,-0.214157,0.502065,2.93191,0.246383,0.812483,-0.237961,-2.55595,0.369012,
-1.12449,2.09009,0.218736,0.925104,-0.709999,0.225321,2.08688,-1.73451,0.89995,
2.6841,0.149552,0.458187,1.27159,0.722449,0.0784411,0.0789201,-0.224681,0.76541,
-2.72664,-1.36432,0.0746395,-2.95229,0.759326,0.167346,-1.51684,-0.110299,0.782607,
2.85019,-0.855668,0.296816,-0.70317,-0.482188,0.270717,-0.772289,-1.39176,0.265837,
-0.161263,0.088411,0.322657,2.75138,-3.06158,0.159278,2.60455,1.54515,0.792855,
1.39956,-1.88597,0.296355,-2.97764,1.33288,0.146377,-1.45563,-0.745658,0.341304,
1.92457,0.597952,0.442538,-0.407955,-0.200315,0.110608,-2.64529,-0.0802731,0.183975,
-0.442333,-0.761151,0.520076,-1.69365,-0.995278,0.295104,-0.907095,-2.02992,0.0823381,
-1.38678,-0.635991,0.278409,2.68227,2.53914,0.169395,1.10976,-1.81389,0.1908,
2.36512,-0.515145,0.363942,0.468172,0.144965,0.528683,-0.311383,1.18266,0.206824,
-2.24678,0.243624,0.384967,-0.151364,0.268528,0.206166,0.156698,2.96441,0.383376,
0.284538,0.7014,0.200661,1.22792,-0.572489,0.513347,-1.17514,-0.823819,0.242063,
1.18844,0.0775279,0.533873,1.01382,-2.14633,0.0851005,2.46635,-1.41418,0.199795,
-0.376233,0.527406,0.399361,-1.37669,0.38072,0.196221,-1.16354,-3.09783,0.70341,
-2.31578,-0.0912512,0.209926,2.09251,0.21486,0.860035,0.403665,-0.302622,0.388468,
-2.03495,-2.62486,0.107619,-0.452166,-1.6706,0.242618,-0.992898,2.85368,0.347078,
-0.36976,0.34657,0.509932,2.42076,-1.31098,0.312854,-1.05112,2.02518,0.0830779,
-1.78325,-1.48953,0.25793,-1.7998,2.22729,0.232629,0.150258,-0.0282331,1.29867,
-1.67238,0.407867,0.170181,0.300486,2.25977,0.0919112,-1.4218,-2.48515,0.0726466,
-1.57109,-1.31188,0.0778691,0.56879,-2.61612,0.190908,2.8359,-0.737279,0.378396,
2.25176,1.95489,0.141447,1.2806,-1.89345,0.252065,2.86375,1.01486,0.284222,
1.16723,-0.475611,0.30576,-1.04853,-1.55461,0.283384,-0.0666684,2.69346,0.27653,
0.0528381,0.10474,0.369181,-2.93062,0.166708,0.165234,0.917107,-1.50965,0.564305,
2.55216,-1.56747,0.275774,2.3281,1.77588,0.285751,2.45781,1.79284,0.226666,
2.12407,-2.25687,0.211894,-1.2574,2.48387,0.355286,0.384489,-1.97577,0.116086,
-0.428969,0.160184,0.592243,2.97551,-1.80149,0.259063,2.59378,1.08041,1.01791,
0.773325,-0.154371,0.981812,-2.65154,-0.497577,0.0407046,-0.924433,-1.06192,0.267133,
-1.84646,0.156735,0.155252,-0.78072,0.00846265,0.585253,-0.115133,-0.0319971,3.2529,
-0.696456,-0.0911947,0.936296,-2.95526,-0.419485,0.178532,2.66217,1.72265,0.0762367,
-0.375088,-0.0078195,1.5839,1.33273,1.5203,0.635765,1.55028,1.52818,0.132388,
2.58046,-2.73849,0.171028,-0.932997,0.636849,0.14109,2.79429,2.67135,0.116517,
0.0876819,1.41711,0.397959,-2.36183,2.44702,0.134857,-0.846321,-0.763543,0.258816,
0.161782,1.29624,0.206339,-1.1708,-3.0412,0.393088,-0.551769,1.95747,0.379608,
-1.34807,-0.883848,0.220715,-1.25831,-0.677598,0.238359,2.66532,-0.741767,0.0484046,
-1.42095,-1.66686,0.187712,1.29148,0.791861,0.392477,-0.956421,0.118186,0.626659,
-1.69597,1.29029,0.45349,2.58522,-1.76271,0.0758549,0.264176,-1.03464,0.263742,
-0.805908,1.42837,0.502757,-0.606143,-0.0796482,0.173541,1.67795,1.33798,0.0735775,
0.45884,-0.00295263,1.54981,-1.30897,-2.52479,0.171027,1.9535,-0.57514,0.449626,
1.02515,3.1438,0.15681,1.64371,-2.00479,0.306398,-1.80572,-1.72642,0.538376,
1.45718,-2.12833,0.0983838,0.8765,-0.481238,0.236169,2.51035,-2.13546,0.23375,
1.75437,1.26493,0.340002,0.225155,-0.938381,0.113907,2.63763,-1.61081,0.496052,
0.736792,-0.179275,0.929398,1.52541,2.08799,0.379357,1.85922,1.73708,0.335651,
-0.740853,-0.900194,0.371665,0.991312,1.63287,0.469388,-1.45688,1.04853,0.27893,
0.932526,-2.13146,0.0350814,-2.33539,-0.0704733,0.609618,-0.314389,2.00812,0.281508,
0.0106977,1.18855,0.0621317,1.62142,1.56481,0.147678,-2.49252,1.04092,0.276583,
0.112607,0.295354,0.879794,-1.48795,-2.66758,0.423032,-2.71287,-1.69398,0.397662,
-2.51376,-1.27562,0.167219,2.86495,-0.101007,0.37773,2.35834,-1.24365,0.289925,
1.4959,1.33199,0.395472,-2.25185,-2.16774,0.647502,-2.10063,1.54206,0.417152,
-0.91117,-0.232047,0.585026,2.43239,-0.0598681,0.534318,2.39404,2.06966,0.010648,
-1.35338,0.197243,0.42572,1.15522,1.20573,0.127467,-2.72227,1.02551,0.0655209,
0.238277,-1.85104,0.154539,0.497215,-1.97978,0.334837,-2.2279,1.00279,0.0848947,
1.70099,2.96674,0.146739,-0.743121,-1.65299,0.820963,-2.46113,1.00483,0.200313,
-1.38258,-0.529163,0.395297,2.68072,-0.241285,0.442118,2.21887,0.209319,0.225618,
1.19885,0.396455,0.656052,-1.59224,-0.464212,0.163705,-0.924546,2.13339,0.314407,
0.437361,-1.59967,0.17667,1.72324,0.785188,0.809629,2.91827,-0.248345,0.296021,
1.5379,0.0950115,0.854857,2.10466,0.738866,0.412602,-1.67724,-2.21519,0.266915,
2.08607,0.938686,0.177028,2.0187,-0.135277,0.762533,1.0966,-0.730002,0.177263,
1.71452,-0.297648,0.198585,-1.85832,-2.93903,0.188665,-1.84492,2.23078,0.586226,
0.230107,-2.76936,0.0350493,0.890883,2.60626,0.327615,1.69726,-1.49631,0.379512,
0.897007,1.23029,0.254794,0.987134,-1.44501,0.589781,1.28503,2.32614,0.0925394,
2.65148,0.708109,0.336978,-2.78668,-2.05903,0.34131,2.74494,-0.892643,0.443432,
1.70589,0.316668,0.179239,-1.99916,-2.82683,0.103449,2.62248,-0.819056,0.464852,
1.248,0.385771,0.349962,1.71548,1.86428,0.220037,1.83008,-2.67052,0.368732,
1.13052,2.54156,0.355952,-2.93277,-0.21586,0.0898345,2.6866,-2.41603,0.212958,
-1.50167,-1.82944,0.106564,-1.65479,-0.705556,0.16,0.728866,-0.142672,0.156159,
-2.83861,1.24621,0.330167,-1.07611,-1.83304,0.117288,-0.423121,1.05863,0.273695,
-0.989502,-0.354548,0.388593,2.11401,2.54318,0.276369,-2.42806,-0.611392,0.426939,
-0.729186,-0.818895,0.336707,2.86747,-0.938106,0.169886,1.74043,-1.73442,0.209953,
-1.65597,1.06868,0.182176,0.540622,0.0282472,0.117571,1.43661,-0.823564,0.254273,
-1.76953,0.421004,0.300003,0.987564,-1.00441,0.476568,1.57932,0.665742,0.719476,
-1.67577,-1.34613,0.181002,2.28997,-1.21127,0.182874,-2.9145,1.24684,0.156591,
0.353454,-2.42908,0.241102,1.79878,2.63603,0.10567,-0.776704,2.16788,0.415548,
-2.65069,0.018738,0.389777,2.94301,0.076215,0.964679,-0.150302,0.522386,0.113436,
2.14694,-0.534168,0.447351,-2.82137,1.63256,0.470767,0.257777,-1.53685,0.948598,
2.71444,-0.481102,0.143962,-2.11242,0.991749,0.200069,1.36544,-0.538732,0.651413,
1.37516,-0.750495,0.0843524,1.68686,2.88622,0.175837,-1.35161,-2.07243,0.726756,
2.25841,-2.0743,0.205901,-2.89657,1.28764,0.582757,1.88867,0.621538,0.596107,
1.52737,1.29587,0.118834,-0.424425,-1.63451,0.224331,-1.71543,2.31232,0.689932,
1.59908,1.64459,0.141167,-0.221989,-0.254537,0.0274997,-0.308812,-0.936715,0.250168,
1.55178,-0.0522593,0.148994,-0.0413515,1.48261,0.249577,0.21976,-1.79836,0.69018,
0.184596,-0.274927,0.638013,1.55541,0.851472,0.253732,-0.821786,1.71842,0.449212,
-1.58286,-0.146043,0.262228,-0.734615,-1.10625,0.312891,-1.84811,1.38714,0.52292,
-1.38194,-0.699961,0.571505,2.37017,1.55611,0.00694239,0.357757,-2.69587,0.262162,
-1.2489,0.0826465,0.568986,2.9863,0.321447,0.253084,1.33036,-1.19854,0.317447,
1.79099,-3.00806,0.190717,-0.118291,2.76268,0.195805,1.29594,-0.670935,0.301266,
-2.35914,0.0026724,1.2978,0.529081,-0.347511,0.0938214,2.8182,0.115666,0.255631,
-2.09415,-0.973378,0.181398,1.98804,0.696566,0.0554344,1.90517,-0.612374,0.577452,
-0.0576738,-2.00287,0.153912,0.563116,1.18213,0.914673,2.13693,-1.08378,0.298366,
-0.9371,-2.91377,0.108465,-0.823491,2.37328,0.562421,-0.13934,-0.414848,0.0877742,
-0.408223,-0.871056,0.217108,-1.25197,0.04281,0.118339,1.05893,1.63898,0.356383,
2.0909,0.557404,0.1502,-0.493359,2.30199,0.0910206,-1.89215,-1.89989,0.730655,
-1.47424,-0.166213,0.60213,1.78581,2.91428,0.516034,-0.895483,-0.599058,0.140253,
-0.582581,-0.844926,0.425554,0.714694,2.44934,0.127001,-0.944727,-0.515101,0.262658,
2.60551,-1.15373,0.12304,2.6943,-2.42518,0.19242,0.027752,1.93653,0.442299,
1.56928,-2.97949,0.207227,-0.540008,-0.845491,0.245932,-0.837273,-1.70052,0.158205,
2.3203,-0.776522,0.278756,-2.50531,-1.41361,0.147417,-2.862,-1.14771,0.082273,
-1.31254,-0.337411,0.638909,1.00272,0.429311,0.278876,0.642739,-1.73044,0.320302,
1.0385,0.00623173,1.70238,-2.39065,2.42325,0.119533,-2.50691,0.670654,0.639662,
2.79836,-1.26567,0.219973,1.89511,2.26064,0.43311,-2.44533,-2.36178,0.421068,
2.9078,-0.781673,0.231693,-0.72837,0.720576,0.892076,-0.398145,0.958226,0.420372,
0.754886,-0.845669,0.376908,-1.29027,0.829603,0.441803,0.469482,2.47142,0.200632,
1.28377,-1.279,0.338616,-1.17346,1.55284,0.476159,0.265594,0.663204,0.208279,
0.447352,-0.765263,0.40707,0.721581,-0.318694,0.241507,-1.51393,2.39945,0.139781,
-1.78995,0.327662,0.0818969,2.79658,-2.37741,0.385562,-2.33273,-2.58974,0.158956,
-1.2539,-0.105454,1.16951,-1.91293,0.792483,0.143999,-1.83848,1.63823,0.0468418,
-0.808515,-0.0150186,1.26708,-0.289178,0.580567,0.231167,2.77206,0.133314,0.500212,
-0.231645,-0.856393,0.292109,-0.915739,1.53677,0.509206,-1.50264,-3.05338,0.0651126,
-1.0838,-0.676396,0.575727,-2.35994,-2.12222,0.0594996,-2.80925,2.74374,0.112157,
-1.63405,3.11873,0.443528,-0.201496,-0.840503,0.0222968,2.12722,-2.34672,0.0542715,
0.665605,-2.55361,0.15963,-0.591523,-0.155595,0.266711,2.82167,-2.4065,0.134897,
-2.32635,0.42579,0.198218,1.0926,2.87551,0.197748,0.695393,0.873563,0.297568,
-2.38596,-0.464382,0.223502,2.51881,0.227104,1.01853,0.773471,1.16407,0.106247,
0.13415,1.06293,0.401601,2.7294,-1.34703,0.257451,-2.3983,-2.84824,0.537047,
-1.12017,2.85315,0.0574726,1.77695,-1.00478,0.445171,-1.86308,2.6313,0.0374532,
-0.712681,1.69384,0.192011,-1.50447,-0.17508,0.276221,-2.11213,-0.291857,0.438161,
-1.84117,-2.80567,0.115648,2.43052,-0.286444,0.431839,-1.27638,2.87836,0.115068,
-0.0486876,-1.07454,0.433756,-0.639203,2.58291,0.538071,1.08865,1.38177,0.097254,
0.201178,0.19474,0.5102,-1.84892,-0.396684,0.281907,2.0334,-0.0202683,1.61117,
0.0329596,-0.108047,0.528071,-2.5994,1.88611,0.236579,-1.70067,-2.19579,0.148373,
2.55777,-1.18258,0.133356,1.23307,0.275084,0.203475,2.83518,-0.340389,0.465488,
-0.960301,0.108217,0.300948,2.32612,-2.09798,0.231835,-2.73085,1.64939,0.353689,
-0.843161,0.066158,0.46884,-2.26733,1.02455,0.205869,1.76311,3.06857,0.310895,
-0.601606,-0.513716,0.183411,2.66238,0.684991,0.331984,0.729304,-0.296692,1.26003,
0.0911604,-2.14521,0.0550203,-2.49164,0.871956,0.205216,2.09398,1.18977,0.193143,
-1.25804,1.02072,0.295889,-0.00865884,1.72013,0.348026,-2.67953,-1.96224,0.0756281,
-1.53244,1.55072,0.121717,2.78229,-1.32186,0.591618,-2.70562,-1.97847,0.0603663,
1.71906,-0.54331,0.552333,-1.47955,1.82315,0.184255,0.0626367,2.20444,0.199475,
-1.60238,0.0991088,0.486615,-1.17645,-0.0208776,0.316864,-0.294135,0.705041,0.339974,
-2.72139,-0.940635,0.128651,0.57774,1.74178,0.174555,1.5528,-1.75932,0.263031,
-0.27812,-0.116775,1.20821,-0.219787,2.43578,0.136924,0.278102,0.627697,0.328928,
2.79677,0.805478,0.115382,-2.90333,-0.637849,0.0990633,0.136946,0.612048,0.148601,
0.19099,-2.62332,0.161031,-2.46337,2.40629,0.191572,2.47067,0.0207576,0.412277,
1.01162,-2.36114,0.200493,1.7464,2.10782,0.586676,-0.17787,-2.85882,0.402811,
-0.150603,1.27152,0.0285309,-0.760978,-1.01326,0.3638,-1.58269,-2.08965,0.308474,
-1.27824,0.0312044,0.652718,-2.43816,-1.24641,0.0889102,1.67866,1.12522,0.426484,
-1.46928,2.10026,0.0806031,2.96131,-0.709984,0.320022,-1.01042,-2.34392,0.192207,
2.31024,-0.0146292,0.320855,-1.1771,-0.447892,0.198245,-0.852995,0.438177,1.07834,
0.766066,-0.0736428,0.330412,-1.26032,0.403116,0.311424,2.98258,2.97182,0.27078,
-0.915511,-0.0754747,0.912103,1.39211,0.313005,0.612778,0.927344,-2.93111,0.387703,
1.13588,-0.725773,0.159988,-0.0246554,2.27724,0.181229,-2.86094,-1.28937,0.858027,
2.68184,-0.727325,0.309443,-2.31804,2.09002,0.479544,2.60945,-2.32714,0.259013,
-0.356632,1.65241,0.0853838,-0.742767,-2.16263,0.240561,1.54158,-0.796243,0.498159,
-2.10199,1.73467,0.44207,-1.22271,0.0981005,0.0634123,-1.69114,1.18095,0.0863596,
1.81746,1.22601,0.0323944,-1.01175,0.161316,0.5422,1.04773,-1.98894,0.210924,
-1.32419,-1.51266,0.162425,-0.0701764,2.18508,0.343504,-0.127046,-0.167845,0.265957,
0.896745,0.163447,0.674044,0.569428,-2.43697,0.166089,-2.79008,-2.55065,0.522537,
-0.170852,-0.0839219,1.22379,-0.50521,2.44566,0.552938,-1.50007,1.60694,0.0559028,
0.371526,0.198207,0.337055,2.7741,-0.310918,0.769599,0.844453,2.43241,0.164602,
-0.685738,1.57855,0.177037,-1.10776,-1.41765,0.532312,0.291142,0.751059,0.567044,
-0.958834,0.724614,0.267326,-0.991513,-0.765811,0.228893,-1.66692,0.617664,0.357174,
0.935518,0.0334836,1.031,-0.386841,-1.42832,0.189039,-2.74971,0.123343,0.58573,
0.334662,0.287018,0.970116,1.41103,-3.06712,0.0478725,1.20013,0.95334,0.214374,
2.73041,0.427877,0.508218,-2.75867,-1.50605,0.173687,-2.71248,-2.69101,0.631509,
0.303832,-2.84681,0.181343,2.66771,0.585527,0.183769,-1.73575,-2.53077,0.13147,
-2.3663,-0.47197,0.27875,-2.01381,1.57476,0.198551,-0.415812,-1.52559,0.150841,
2.32496,-0.13804,0.336961,-1.32163,0.206884,0.386729,-0.604814,-0.969158,0.556423,
0.535611,0.0993706,0.720249,-0.829765,-1.07137,0.437379,-2.51917,3.12858,0.546663,
1.11925,0.552243,0.2783,-1.04547,-2.75991,0.0828812,2.78511,-0.255106,0.801046,
-0.91036,1.24343,0.240256,2.60292,-2.74001,0.311485,0.420044,0.766908,0.495816,
-1.66228,2.03794,0.377602,2.69988,-1.16476,0.0990078,0.774998,2.07802,0.0821869,
-0.65231,0.48196,0.097426,3.0023,-3.06048,0.137743,-0.845372,-1.27568,0.444511,
-2.62439,-0.286744,0.156042,1.2922,-2.43136,0.177412,1.3301,2.09496,0.108927,
0.444577,0.00419541,1.31634,-1.16081,-1.96788,0.219955,0.661928,0.330664,0.423742,
0.481173,-1.47639,0.173014,-0.626988,1.92934,0.194345,-2.7491,0.480112,0.132964,
1.402,-0.768091,0.385008,0.682396,1.22137,0.531618,0.607657,-0.514227,0.578214,
2.24973,0.379968,0.105443,-0.122699,-2.32877,0.216569,-2.36307,-0.743768,0.385202,
-2.47504,-1.12074,0.107467,-1.93578,-0.21339,0.550562,2.86318,0.931483,0.203071,
-0.697253,-1.73097,0.456303,0.436758,-0.620212,0.206271,-0.120142,2.81632,0.0493498,
2.65922,-2.37527,0.0800208,-0.488375,0.976093,0.453415,-0.457416,1.1855,0.197555,
-0.257576,2.50172,0.0520027,0.271335,-0.158124,1.37403,2.86479,-2.54771,0.299921,
0.27031,-0.530954,0.270123,0.915623,-0.0454148,0.293023,-2.57252,-2.00811,0.45984,
1.90003,1.29711,0.12641,1.48026,-0.856913,0.176954,-2.50155,2.18227,0.122279,
-1.70534,0.327142,0.173157,-1.78145,-1.94011,0.286434,-0.684774,0.416817,0.216578,
0.347542,0.171407,0.0935215,-0.688717,-0.904655,0.392047,-2.30797,-0.869373,0.398105,
1.83629,-0.00154705,0.153578,-0.0196457,-2.38744,0.355922,-0.966784,1.34294,0.0599378,
-0.385344,2.53396,0.169496,2.96813,-2.43367,0.198327,1.24761,-0.215325,0.383974,
0.177863,-0.00169241,3.34771,0.0553879,2.18292,0.337139,2.46679,-0.0829288,0.332777,
-2.95821,-1.54886,0.126831,-0.901536,1.48127,0.153821,-0.523893,-0.12378,0.941202,
-1.51344,-2.86147,0.234061,-0.332142,-1.92943,0.215629,-0.963513,0.425314,0.0885311,
-2.1796,-0.930124,0.0774802,0.389575,-0.11013,0.207933,2.4312,-1.42637,0.182391,
2.63533,0.182026,0.20713,-1.50655,0.0304452,1.33486,1.90959,-1.90662,0.0213334,
-2.70312,0.0328756,0.317239,0.488771,1.16148,0.21764,2.03401,-0.897518,0.319222,
-0.199548,0.98349,0.16748,1.87762,0.432876,0.168107,0.314547,1.3057,0.265375,
2.60949,1.55478,0.212057,-1.40365,-0.861737,0.58036,-2.12289,-0.408649,0.753804,
-1.59503,2.43985,0.30336,1.49379,0.0172377,0.0623569,-1.98757,-1.6451,0.287553,
0.184605,-0.0319402,0.806687,-1.50092,0.234882,1.1486,-2.96606,-1.62298,0.138018,
0.31705,1.12844,0.186165,0.0177095,-2.51451,0.460282,1.43713,-0.840579,0.168969,
0.368533,1.80477,0.0989632,0.905888,0.0392677,0.484663,-1.03398,0.848018,0.243723,
0.446722,-1.54408,0.220745,2.07815,0.893924,0.497001,2.91241,1.00021,0.213333,
-0.696852,-1.4873,0.102207,-1.57069,0.850578,0.536544,2.24192,3.05524,0.207603,
-1.86979,3.1108,0.0897812,2.43415,-2.36846,0.0925333,-0.946509,-2.5508,0.41757,
-1.93974,-1.84231,0.14006,-2.31021,-1.32032,0.157948,0.323551,1.87348,0.107701,
2.56923,0.888914,0.2437,-1.57909,-0.496461,1.02715,0.183002,2.70944,0.417937,
0.0417693,-2.18124,0.101457,0.386989,0.292106,0.533546,-0.422626,-0.48872,0.578785,
0.0658689,0.132171,0.727768,2.77798,-0.747223,0.142875,-1.59234,-0.32979,0.287944,
0.743035,0.224747,0.431178,0.359224,-2.44457,0.37117,-1.32779,2.03488,0.257899,
-1.39103,0.827519,0.283206,2.79947,0.861165,0.376683,-0.975244,-1.88984,0.166455,
1.24357,0.350064,0.419828,-0.36648,-0.508645,0.103064,1.72596,-2.42307,0.223671,
2.57123,0.467932,0.282746,-2.56175,-0.263404,0.239005,2.00523,-0.256633,1.14036,
0.998696,-1.05605,0.205785,1.29008,0.462079,0.109879,0.431033,-2.6892,0.151483,
2.24975,0.734371,0.306797,-1.6254,1.03039,0.0121063,-0.555169,-1.65616,0.414326,
1.74514,2.43187,0.234246,2.01178,2.66299,0.241183,-2.28692,0.945072,0.10106,
1.75671,0.117983,0.199412,-2.72462,-0.889017,0.125171,-0.889443,0.628147,0.889583,
-1.0486,1.21068,0.067182,1.55351,-1.95022,0.346214,2.83389,1.66871,0.124222,
1.58738,-1.74121,0.0526586,1.0535,0.187212,0.920772,-0.834964,-0.44976,0.17993,
0.640032,0.0543834,0.923967,-1.72534,-0.403689,0.408984,2.38502,-0.160903,0.507413,
0.401698,-0.0802274,1.37771,0.991659,-2.58402,0.105,-0.406882,2.38085,0.25902,
0.436801,-0.0537899,1.02597,-1.75817,0.827588,0.558593,-1.57185,-2.20183,0.831208,
-0.662452,1.39845,0.145245,0.994307,0.827735,0.172968,-1.87662,0.838684,0.297987,
-2.23208,2.10401,0.136241,1.91033,-1.35625,0.375675,-0.421933,0.252341,0.0770643,
2.21882,0.812967,0.0228552,0.851542,1.39279,0.127987,-0.870953,1.35054,0.121324,
-0.653554,-0.854599,0.664738,1.68742,1.87293,0.118795,1.42057,-0.198086,0.12291,
0.15007,-0.357909,0.626619,0.88804,-0.96724,0.178978,1.5107,1.81605,0.109633,
0.354593,-0.121054,1.08072,-1.53801,1.60233,0.533018,-1.3141,-2.39302,0.19651,
0.758738,1.23128,0.224395,-1.19163,1.50612,0.248339,-0.211347,0.926001,0.211713,
-1.35526,1.3858,0.328912,1.38025,0.554906,0.174477,0.374933,0.142169,0.26967,
0.887985,-0.655269,0.382063,-1.21949,2.97647,0.417355,1.30095,-1.86542,0.336095,
-2.80719,-2.03435,0.140883,0.291979,2.65075,0.222307,2.80876,-1.59045,0.490263,
1.33795,-0.868728,0.366819,-1.76007,1.16014,0.443821,2.08084,1.32009,0.104249,
-0.102505,-2.43355,0.335529,-2.77665,1.4174,0.0915469,-2.27946,-0.0382377,0.199957,
-1.27155,0.0250582,0.452102,2.12927,1.39688,0.163953,0.615511,0.671916,0.62071,
-1.25605,-0.265591,0.26837,2.25787,2.58938,0.110626,0.740512,3.00462,0.375666,
2.64361,1.91278,0.0197478,-2.59257,-0.737752,0.179421,-0.162593,-1.2328,0.0945168,
1.9262,-1.1864,0.211006,-2.58182,1.41125,0.271216,1.48966,2.72717,0.394733,
1.48348,0.986317,0.08269,-2.98228,0.0405961,0.495812,-2.69143,-0.541934,0.561622,
-1.4822,-1.34726,0.153574,0.360137,0.83007,0.602735,-2.59277,-1.35392,0.425038,
-2.92674,-0.450115,0.341011,0.0742029,-0.886303,0.233765,1.08486,0.0145817,0.107699,
-1.37923,0.206742,0.274683,-0.451491,-2.95749,0.0851969,0.173322,0.600625,0.306215,
0.815793,-0.535854,0.531801,2.83409,-3.03071,0.206243,-1.43881,-0.567471,0.152775,
-0.31756,0.336159,0.181874,1.35697,0.181781,0.710225,1.17606,-0.467623,0.00887499,
-0.685472,-0.00564779,2.01724,1.97553,0.773405,0.537758,-1.92856,-0.707801,0.210482,
-1.60317,1.07188,0.216464,-1.44019,-1.00231,0.39183,1.08213,0.362777,0.330451,
-0.798655,0.0877851,0.755497,1.1751,0.558133,0.100484,2.07367,0.0571472,0.613097,
2.55266,1.57353,0.0760957,-0.735009,-0.0330676,0.271965,0.214777,2.47056,0.302435,
1.36651,2.65418,0.0430162,-0.933728,-1.52426,0.293231,1.81428,-2.42543,0.417331,
-1.13161,-0.33344,0.549003,2.87086,-1.64993,0.271051,-0.686147,-0.906925,0.170044,
-3.00864,-0.533734,0.202075,2.4929,2.56097,0.136341,0.994006,1.47424,0.252199,
1.22361,-0.454705,0.483507,2.34123,0.782613,0.349318,-2.08905,1.28763,0.0815634,
1.82882,1.45364,0.452042,-2.60662,-3.15135,0.0327941,0.266828,2.08763,0.186955,
0.979528,0.816202,0.54568,0.0712695,-0.574922,0.135508,0.792959,-3.05844,0.210093,
1.10275,-1.18208,0.115274,-0.551446,-0.304164,0.291232,-0.350576,0.524354,0.856478,
-1.937,-1.24458,0.280299,-2.86148,1.71058,0.318408,-2.7817,-1.71895,0.161576,
0.0507248,-0.262744,0.0741101,0.549703,0.0481835,2.01168,2.65442,-0.577634,0.398596,
0.965651,2.27856,0.281223,1.98433,-1.66744,0.0678298,-2.61424,-0.297692,0.10659,
-0.039229,1.167,0.283925,-0.805734,-0.514577,0.512411,-2.20885,-0.400198,0.100733,
1.04606,1.81655,0.264854,-2.88515,-1.25994,0.785793,-2.3098,1.02018,0.412105,
1.31383,1.09897,0.0332704,-1.39219,0.57001,0.379505,0.37934,1.87766,0.218543,
-2.602,-0.305031,0.179985,0.419688,-0.491375,0.55451,2.64831,0.815861,0.18595,
0.519639,1.41944,0.346957,1.19767,-1.98627,0.111769,2.13053,-0.84481,0.395827,
1.35524,-1.11546,0.237614,1.85108,-1.14304,0.360846,-2.01646,-0.0224867,0.0826816,
0.332097,-2.95379,0.0833197,-1.64952,0.955097,0.834198,-0.720818,-1.41406,0.522412,
3.00464,-2.08053,0.0949882,-1.45063,-1.27782,0.121685,-1.56459,-0.70237,0.248182,
-2.70741,-0.0544684,0.169547,0.868064,0.0132694,0.533316,-0.707578,-2.94787,0.115164,
-2.34148,1.21831,0.356223,2.72314,-1.61194,0.344173,1.19634,-2.00063,0.319593,
1.45584,-0.951612,0.39328,-2.87008,1.945,0.579909,0.559441,-1.07677,0.771036,
-0.0838452,0.505536,0.263453,2.02395,-0.667423,0.218235,2.08489,-2.55959,0.241183,
0.501546,-0.0231569,0.430597,-1.37071,-0.0925472,1.12108,2.96826,2.83621,0.146887,
-1.3224,2.99279,0.11887,-1.13669,0.225819,0.320546,1.272,0.938354,0.171753,
0.720704,1.27183,0.139172,-0.0767821,-1.80559,0.257248,1.39701,-1.61842,0.324573,
-0.0124786,-0.417567,0.13478,0.122256,0.743677,0.185009,0.39111,1.46756,0.0660929,
-2.10581,-0.226207,0.448685,2.51624,0.33963,0.470381,-1.54348,-0.0289723,0.663393,
1.44709,1.10767,0.155448,-0.753009,-1.47188,0.384129,2.4832,0.956682,0.204844,
0.219333,-0.403511,0.158789,-0.0144986,0.967243,0.544268,1.55342,-2.85943,0.410082,
2.60689,1.06861,0.369399,-1.06294,0.559918,0.0781578,0.707211,-2.81528,0.305807,
2.13818,2.72604,0.225454,-1.62581,0.426606,0.335138,-0.169728,-2.09362,0.079079,
-0.00300435,2.83385,0.112484,-2.11611,1.25814,0.331366,1.71161,0.153616,0.258582,
0.797269,-2.40695,0.0726337,-0.0706902,-0.0819099,0.159198,2.33064,-0.398154,0.27554,
2.25509,1.19568,0.117356,0.249985,1.03108,0.0540809,0.960796,2.01009,0.0803623,
-1.02669,1.65861,0.0784052,2.07207,0.635024,0.303758,0.318573,-0.142335,0.10756,
-2.25669,0.249001,0.221086,-1.5846,-0.093622,0.229358,-1.49656,0.0207769,0.377928,
1.05013,0.0932135,0.524901,0.656658,-2.75783,0.0834787,0.997045,0.1109,0.360029,
-0.315855,0.30357,0.289679,-1.85668,0.0419411,0.203938,-2.94304,-2.50151,0.474314,
-2.18446,0.0641167,0.447773,2.41786,-1.56467,0.283204,1.4991,-0.155316,0.372035,
-1.78082,1.70351,0.10744,2.55633,-0.131534,0.0787562,-2.80583,-2.58572,0.274007,
-2.52434,1.64744,0.238034,-0.666318,-2.35674,0.293935,1.37165,1.30327,0.295111,
-2.99106,-2.25638,0.132505,1.93759,2.04151,0.268408,2.24044,-1.54881,0.234778,
-2.95568,-0.0108496,0.0979214,2.85891,1.80629,0.235026,-0.320611,-2.64331,0.622635,
0.92144,0.00219443,0.614693,-2.19606,-2.61942,0.368718,-1.32404,-1.83297,0.131689,
0.59996,-1.40281,0.111498,0.57242,1.79932,0.371588,-2.22928,2.64396,0.0719048,
1.30875,3.01573,0.352313,-2.32313,-0.803592,0.163949,-0.920373,0.400152,0.0855885,
1.0937,-0.140677,0.504218,-2.52186,-0.881982,0.104021,-1.04368,-2.82925,0.272327,
-1.21529,-0.294047,0.684432,-0.911333,1.20442,0.393166,-0.58877,-3.11931,0.0828336,
0.776071,-0.959748,0.146674,-0.230817,0.366127,0.272826,1.04477,-1.94919,0.254033,
-1.75391,0.0485122,0.26874,1.60013,-0.492379,0.665132,-1.99801,2.14014,0.480856,
2.18855,-0.326064,0.13887,-1.60335,2.65426,0.159514,-2.9492,0.179539,0.170436,
-2.20027,-0.596841,0.401499,2.99376,-0.469825,0.299952,1.09894,0.50611,0.253041,
-0.756641,-0.311163,0.516162,1.32482,2.7963,0.273516,0.200772,-1.21243,0.180134,
2.43935,2.4748,0.154748,2.62092,-0.923477,0.36122,-1.55153,-1.77143,0.188633,
0.451456,-1.45244,0.197754,-0.0769796,1.50469,0.649816,-2.0287,-1.12899,0.399962,
3.05483,-1.60768,0.041412,1.8823,2.53199,0.102793,-1.45403,-0.474791,0.378931,
-2.17518,-1.52434,0.177874,-1.81731,-0.125142,0.204595,2.97021,-0.32186,0.518781,
2.19624,-2.91692,0.106844,-0.660887,0.304754,0.32767,0.645958,1.19207,0.284924,
0.183553,0.644547,0.484411,-0.710859,-2.47803,0.272602,0.35735,1.62871,0.267873,
1.58797,-0.79736,0.396028,-1.48636,0.0717085,0.091201,-1.25219,2.28081,0.762646,
-1.15524,1.24782,0.156223,0.0911825,0.743357,0.34787,-0.363938,-0.611541,0.109298,
0.904643,1.58432,0.24708,1.79038,-1.35371,0.388524,1.40703,0.680894,0.138246,
2.95209,-2.33394,0.0818499,2.48182,-2.71079,0.139305,-1.93564,0.105094,0.247178,
-0.405853,0.812216,0.130945,1.10426,0.116553,0.290201,-2.89046,-1.43449,0.636386,
-1.03348,-0.261457,0.292486,1.69253,1.48315,0.450806,0.36897,-1.40277,0.367952,
-1.89694,-2.89018,0.142815,0.460856,1.03207,0.281132,1.73917,-1.55204,0.122034,
-0.452579,0.273787,0.502637,-0.393599,1.00981,0.0769495,1.26541,-0.467443,0.284874,
-2.50697,-0.0233723,0.136353,0.835262,-0.533587,0.559251,2.74973,-2.03586,0.332818,
-1.02049,-0.223212,0.604815,-0.885977,-0.184613,0.113975,-0.860072,3.16505,0.102664,
1.99641,-0.221514,0.103359,-1.35593,0.796927,0.313413,-1.47544,-0.892605,0.395463,
0.5156,1.02576,0.475371,2.29154,-0.478987,0.189563,1.75795,1.36422,0.174264,
-0.349829,1.41072,0.109332,0.459431,-0.27035,0.5271,-2.25816,2.79894,0.244756,
-2.88491,-1.79142,0.146746,2.93731,2.71777,0.217256,1.87958,-0.843972,0.902995,
1.68595,-1.16265,0.162372,-1.50499,-1.28807,0.261717,-0.285746,-0.649535,0.273873,
0.4261,0.573981,0.664834,0.024588,1.80992,0.164118,1.86545,-0.704447,0.137376,
0.84198,0.46881,0.462923,-0.260033,-0.979128,0.879333,2.22274,0.0822702,0.102832,
-0.497155,1.48743,0.175756,-0.593436,-0.686451,0.350861,1.21992,-2.13113,0.400402,
1.17068,1.86663,0.128413,0.399255,-0.244223,0.478625,-1.90459,0.592336,0.348611,
0.266129,-2.91676,0.196939,1.65859,1.21227,0.138585,-0.25241,1.53989,0.0582917,
-0.131424,0.307813,0.488455,-1.46423,0.491676,0.113549,-2.29398,-0.861634,0.684052,
-0.339736,0.942137,0.348052,-0.278672,-1.60662,0.187614,2.45005,-1.06433,0.367538,
0.265712,-1.28192,0.224901,-2.20236,1.5881,0.417588,-2.49073,-0.478893,0.626942,
1.0774,0.172813,0.359639,0.167245,2.47404,0.293218,-2.19633,-0.692228,0.24766,
-2.26046,2.37555,0.107192,0.913234,0.427726,0.0749209,-1.2334,0.415905,0.0790769,
-0.446759,0.0915283,0.526567,0.105652,3.10213,0.199148,2.52429,2.94782,0.131217,
-0.4423,0.885728,0.311462,1.21433,2.53192,0.0950441,2.14208,0.312154,0.179795,
0.623263,3.12048,0.146012,-0.380457,-2.01059,0.761237,-2.52692,-0.942461,0.221088,
1.11112,1.40528,0.231011,-2.71009,-1.37028,0.101433,2.61604,-2.12212,0.38873,
-2.52965,0.66493,0.0867699,-1.46682,0.176135,0.61913,2.22266,-0.847603,0.324489,
0.585767,0.853209,0.291882,-1.75112,-0.755883,0.370863,-1.48937,0.0728096,0.410435,
2.55927,-1.22058,0.281156,-2.89027,1.85719,0.0932604,2.56586,0.157108,0.203389,
0.00358558,-0.861012,0.512996,1.06521,1.64733,0.0669689,-2.92439,0.596146,0.195057,
0.673913,-1.00029,0.299004,1.47322,1.83302,0.228333,1.29619,-0.0358248,0.0881605,
-1.73848,-1.68499,0.261106,1.38194,2.81662,0.753775,0.106558,1.35652,0.084144,
0.561804,-1.12198,0.252733,-1.26584,2.3579,0.463431,2.79419,2.1312,0.229084,
-0.309109,2.11309,0.0788834,0.785594,-0.207503,0.244657,-2.50559,-0.38379,0.545431,
-0.511436,-0.107112,0.591903,0.419894,-1.32647,0.183842,0.0237796,-0.57155,0.429277,
0.902679,0.5445,0.205764,-1.07441,-1.17217,0.552068,2.1773,-1.2187,0.0858804,
-2.2976,0.276214,0.163648,1.8726,2.78333,0.354437,1.17048,-0.453533,0.167578,
-0.459764,0.366333,0.316792,0.138068,-0.669898,0.327699,2.59013,0.962361,0.253973,
-2.97924,2.5479,0.0766099,1.46827,0.89771,0.274118,1.47461,-1.0971,0.34504,
-2.94163,-1.34501,0.0767952,1.693,0.0728528,1.04805,0.459373,-2.53904,0.193142,
-0.672747,1.53901,0.260144,1.75999,-1.28301,0.0689904,0.749813,2.55759,0.209868,
-0.108435,0.533751,0.295491,0.62893,-1.19852,0.242855,-0.448863,-2.33786,0.512319,
0.679073,1.11248,0.28819,-1.81319,-2.17238,0.415005,-2.93235,-2.74077,0.0722833,
-0.0656894,2.90208,0.142788,-2.14326,-1.64047,0.358815,-1.42477,0.0528781,0.748971,
1.37992,-1.59211,0.173833,0.450676,-0.0385081,0.355315,2.63645,2.15245,0.29051,
2.84494,-0.444725,0.41297,-2.51799,0.457421,0.598135,0.893659,-0.547197,0.379169,
-2.85839,1.54631,0.0447972,-1.85683,0.00578059,1.82612,-2.1365,-1.24885,0.117101,
1.72355,0.175944,0.441392,-0.400695,-0.869117,0.268484,2.26484,2.85021,0.0753802,
2.93348,2.63583,0.181052,1.39929,3.10016,0.127544,2.79841,-0.00438773,0.310962,
0.0867337,0.0513719,1.16739,-0.928252,-0.14468,0.361338,0.159277,-2.29586,0.327534,
0.575398,1.07574,0.21313,0.105073,-2.94706,0.366195,-1.69539,-1.34591,0.286722,
-0.427263,1.20198,0.455077,-1.39214,-2.06961,0.175713,-1.24593,-2.47969,0.22638,
-1.10973,-1.36249,0.0935353,0.195618,1.32242,0.136893,1.65442,-0.298387,0.294529,
-1.88391,-0.510551,0.243689,2.02265,0.441502,0.801952,-1.87036,-2.13698,0.369982,
0.824978,0.263208,0.325182,-1.53504,-0.310691,0.769974,-0.195777,2.55965,0.15026,
0.546935,-0.197571,0.365447,1.86408,-0.337551,0.0483394,-1.30464,-2.08097,0.271823,
-0.176922,1.69913,0.306341,2.89926,-2.80978,0.201692,-2.09664,1.03112,0.160897,
-0.754103,-0.262428,0.673416,2.02481,1.4515,0.329258,2.3211,-0.643707,0.624592,
-0.17324,-0.151586,1.11669,1.24487,-0.246369,0.125414,-2.59215,2.98395,0.345207,
-1.52419,1.82148,0.38747,2.43058,-1.15844,0.190622,0.246395,-0.4827,0.144339,
0.586916,-0.0590716,0.94827,-0.0471647,-2.44935,0.206305,1.55026,-0.18858,0.280187,
-0.016132,-0.43441,0.531185,1.89751,1.07496,0.811128,2.67232,-0.314756,0.207571,
-2.08225,0.423074,0.0702409,2.13496,1.86705,0.148622,2.95198,-0.582989,0.172398,
-1.09153,1.55204,0.255053,1.09581,-1.90269,0.137047,0.319181,-1.70307,0.229286,
0.289938,-0.0411834,0.392554,-1.51363,1.09351,0.337594,-1.91362,-1.26115,0.683572,
-0.14042,-0.108322,0.785136,-2.22054,-3.01588,0.161812,-2.21574,2.21666,0.373571,
-0.659716,-0.942202,0.128245,-2.00051,-0.080926,0.419819,2.09559,0.972758,0.336663,
2.18611,0.49432,0.0991589,-2.33879,-2.92968,0.0173655,-2.90481,-1.59385,0.119396,
2.46895,-2.68904,0.106333,-1.00597,-2.09147,0.267415,0.537768,-0.596149,0.222843,
0.30381,-1.10199,0.273054,-0.622074,1.75601,0.444786,1.56961,-1.05599,1.21603,
0.893101,-0.196059,0.166313,-1.25611,-0.0532609,0.0857509,2.47898,-2.76027,0.448306,
1.04078,1.01059,0.247177,-0.205942,0.997918,0.237259,-2.87177,-0.89904,0.199982,
2.49363,0.936175,0.327097,-0.630265,-0.086467,0.32455,-0.341325,-2.67027,0.2478,
-0.192108,-0.403885,0.412392,0.746458,0.708583,0.470012,2.78005,2.10961,0.44048,
0.323571,0.736169,0.392973,2.31692,1.03653,0.149586,-1.929,1.01182,0.138975,
-0.638442,0.453841,0.134383,-1.60706,-2.52297,0.107498,1.69102,-1.48925,0.156468,
1.08963,-1.20783,0.276171,0.395365,2.026,0.179721,-0.899569,0.945783,0.277416,
1.76377,-0.419525,0.229911,0.704066,1.50338,0.309877,-0.504147,-0.89619,0.53415,
0.676224,-0.121128,0.946474,-2.48109,1.36415,0.458709,1.40666,-1.09768,0.215188,
0.0950014,0.760683,0.209017,-0.0341034,-1.37175,0.201862,1.11824,-2.55467,0.103936,
-1.71153,0.362914,0.198399,1.55833,2.47208,0.0221414,2.498,-0.198064,0.550427,
0.990499,-2.60986,0.0947866,-0.402033,2.47218,0.176158,0.338732,-0.415387,0.601978,
-0.345324,0.499691,0.265845,-0.293798,-0.0277018,0.168471,-2.3607,0.820042,0.31598,
-2.20369,-0.729579,0.0912737,1.67096,2.33038,0.118803,2.09049,-0.361329,0.405732,
-1.07501,-0.604505,0.170251,0.461651,-0.794041,0.2864,2.74591,-2.84794,0.108916,
-0.853225,0.967814,0.178986,2.23925,-2.92425,0.113981,-2.65561,0.216205,1.25777,
0.995135,1.39221,0.277373,-1.72111,-1.45448,0.0757826,-2.3711,-0.870557,0.193191,
0.27686,-0.20324,0.201511,-0.263552,-0.951289,0.454192,-1.93889,0.656859,0.117208,
0.862074,3.03311,0.291513,-1.50717,-0.432995,0.166601,-1.07979,0.0893631,0.108486,
-0.204583,-0.620686,0.391414,0.574155,1.30015,0.560853,-1.21745,-1.43018,0.310326,
1.24363,1.18797,0.195751,-2.27419,-1.58132,0.510639,-2.97931,1.60357,0.269744,
2.08708,1.01744,0.152928,-1.7327,0.478484,0.205801,-1.09303,0.216916,0.231022,
-0.122393,-0.565941,0.474734,0.242652,-0.990426,0.190083,-1.36321,0.778056,0.0774935,
-1.13213,0.92566,0.180111,1.08507,-1.09276,0.569713,0.459722,-0.848869,0.200197,
1.53465,0.545056,0.405645,-1.50551,-1.00492,0.475625,2.91216,0.791042,0.286426,
-0.15175,-1.2405,0.254371,-0.515349,1.04167,0.578211,1.60368,-0.349578,1.10111,
0.402046,0.606081,0.205918,-1.26444,-1.25679,0.182587,-1.2017,0.112642,1.41091,
0.1425,0.301246,0.348785,0.929178,2.74474,0.122716,-0.709892,2.20224,0.209692,
0.767784,-0.118825,0.479837,-2.55595,-3.07275,0.115137,-0.748165,-0.785492,0.242053,
0.85549,-0.0949957,0.238693,0.777736,0.185399,0.647508,-2.02588,-2.4746,0.0787376,
-0.860846,0.367102,0.745768,2.77076,-2.12758,0.333895,-1.35678,2.24541,0.182477,
-1.96643,0.00239871,0.218873,-0.167398,-2.68561,0.210005,0.509741,-1.69137,0.333211,
-1.05452,-0.186638,0.0821398,1.15418,2.15923,0.147344,-1.92922,-0.576432,0.401681,
0.290256,-0.131868,0.311294,-0.624158,0.190476,0.194494,0.783128,2.71053,0.358626,
-0.346803,0.086336,0.642724,1.78561,-2.31477,0.199718,0.239044,-0.443847,0.188995,
0.136862,-0.0885003,0.393631,-1.9069,0.321622,0.277894,-0.961023,-2.19001,0.087426,
0.894587,-0.454196,0.203797,-1.55176,1.25743,0.320069,-2.08067,-1.17384,0.842479,
-0.121291,-0.161576,0.333375,1.97774,-1.27631,0.116815,1.56816,0.597132,0.511,
-0.357083,2.46995,0.0994346,-1.12108,2.29891,0.0469949,2.43722,-0.322911,0.0810508,
-1.84189,1.08206,0.135121,1.76261,-1.41394,0.520027,-0.613435,2.95472,0.279614,
2.39384,-2.36754,0.182968,-0.663911,-0.0148946,0.135395,1.96946,-2.36543,0.26583,
-0.260675,0.0285069,0.302947,-1.41038,-1.37567,0.0657509,-2.85517,-1.03865,0.1812,
-0.0690702,-1.37105,0.151351,-0.649897,-0.749042,0.0614409,2.07466,-1.02218,0.0658077,
0.0303003,0.102742,0.582139,0.235878,2.18816,0.264643,1.07743,-0.803776,0.0962368,
2.15305,2.97854,0.114527,-1.07593,-3.0422,0.0402882,-0.568053,2.01956,0.0854228,
-1.16551,1.83122,0.142141,0.953835,-1.63803,0.616172,-2.4979,1.08104,0.243377,
0.0770733,-0.481687,0.0954375,-0.243452,0.574609,0.414563,0.382147,0.304277,0.157745,
-0.401729,-2.67104,0.359511,2.55155,-1.77744,0.0922901,-0.693045,-0.406086,0.200357,
-0.042577,0.0942634,0.935601,-1.19583,1.65428,0.149245,2.45903,-2.49025,0.179343,
