32.6878
25.0763
17.2608
14.7932
12.895
12.6276
9.88454
9.21543
7.10703
6.85036
6.5956
6.18044
5.68779
4.95476
4.78853
4.55214
4.47202
4.41217
3.52807
3.10412
3.00447
2.98904
2.96627
2.95568
2.90452
2.60376
2.57323
2.53047
2.51217
2.49951
2.49386
2.45115
2.37147
2.32768
2.32385
2.26903
2.18434
2.06723
2.05786
2.00501
1.98824
1.95893
1.84627
1.75282
1.73674
1.70519
1.64213
1.60449
1.5855
1.58106
1.50558
1.496
1.4941
1.48942
1.44232
1.44117
1.33506
1.32332
1.29048
1.28781
1.26393
1.20094
1.17603
1.15171
1.14914
1.11371
1.10857
1.09205
1.06924
1.05398
1.03157
1.02862
1.01751
1.01717
0.966263
0.944386
0.908632
0.873989
0.865699
0.848305
0.846191
0.822323
0.819673
0.773364
0.772424
0.767828
0.76693
0.756624
0.753544
0.753363
0.751705
0.741731
0.724483
0.724061
0.705804
0.697325
0.692046
0.681913
0.672337
0.661668
0.657316
0.656886
0.637131
0.635788
0.626842
0.616322
0.615678
0.611278
0.60863
0.607016
0.600797
0.590479
0.587884
0.581699
0.581519
0.579483
0.571279
0.570155
0.569854
0.55756
0.549116
0.548748
0.547996
0.542897
0.52804
0.526675
0.525944
0.524737
0.520198
0.518598
0.51817
0.517204
0.517063
0.516
0.514162
0.512848
0.511193
0.509735
0.504511
0.504331
0.501564
0.499888
0.498033
0.498
0.495634
0.494812
0.491484
0.490311
0.48739
0.484893
0.484725
0.48447
0.483307
0.481457
0.479928
0.477334
0.472109
0.467285
0.461207
0.457508
0.457014
0.447869
0.446873
0.44552
0.445494
0.444012
0.44304
0.442902
0.442045
0.441651
0.441577
0.438096
0.437303
0.43305
0.432306
0.426986
0.424748
0.422311
0.420459
0.416418
0.413076
0.411566
0.409999
0.408344
0.406698
0.40475
0.401756
0.401497
0.40135
0.40035
0.399006
0.396378
0.395441
0.395407
0.394248
0.390803
0.388143
0.387748
0.38763
0.387419
0.386592
0.385486
0.385476
0.384865
0.384587
0.382399
0.381503
0.380831
0.379175
0.37888
0.376219
0.372521
0.37181
0.369606
0.366199
0.366149
0.366016
0.36563
0.364302
0.363308
0.363203
0.363081
0.362459
0.362277
0.361715
0.35974
0.358741
0.354593
0.353588
0.352957
0.34669
0.345487
0.344672
0.342555
0.340525
0.339155
0.338528
0.338394
0.337539
0.33717
0.336131
0.330271
0.329891
0.326941
0.323551
0.323088
0.322986
0.319862
0.31932
0.319154
0.318714
0.316424
0.316257
0.314102
0.311556
0.308809
0.306839
0.30624
0.305811
0.305396
0.305336
0.304604
0.304557
0.303447
0.301831
0.301729
0.301468
0.301051
0.299102
0.298657
0.296178
0.295176
0.294336
0.291387
0.290644
0.29055
0.290477
0.290196
0.290014
0.286514
0.28546
0.285395
0.284982
0.284842
0.283172
0.281221
0.281088
0.279562
0.279434
0.279306
0.277873
0.276669
0.27575
0.274084
0.274037
0.272978
0.271747
0.271654
0.270019
0.269277
0.267405
0.266796
0.265833
0.26571
0.265323
0.264935
0.264486
0.263057
0.26294
0.262827
0.261807
0.260774
0.259639
0.258991
0.258732
0.257232
0.257031
0.25594
0.253342
0.252435
0.252183
0.251384
0.249036
0.246629
0.24594
0.245363
0.244896
0.244478
0.243907
0.243508
0.241426
0.241012
0.241012
0.240792
0.24029
0.240227
0.237845
0.237099
0.236974
0.235859
0.234798
0.234205
0.232172
0.232119
0.231993
0.231517
0.231061
0.229722
0.22885
0.228682
0.228462
0.228415
0.228321
0.228231
0.225576
0.225445
0.225396
0.225129
0.224222
0.223876
0.223444
0.223176
0.222487
0.222383
0.222259
0.221857
0.221553
0.219426
0.218636
0.217879
0.217143
0.215606
0.21482
0.214741
0.214529
0.214254
0.21117
0.210032
0.209216
0.208309
0.208027
0.208018
0.207533
0.207366
0.206297
0.206129
0.205621
0.205474
0.204442
0.20386
0.203055
0.202345
0.201684
0.200721
0.200364
0.200085
0.199547
0.199152
0.198846
0.198363
0.197371
0.19728
0.196067
0.195421
0.194804
0.193447
0.190501
0.190006
0.188944
0.18857
0.188249
0.186983
0.186962
0.185074
0.184909
0.184678
0.184551
0.184321
0.18425
0.183213
0.182425
0.181852
0.181711
0.181434
0.18122
0.181096
0.179808
0.179658
0.179515
0.178828
0.178557
0.17793
0.177802
0.177759
0.17545
0.174686
0.174551
0.174536
0.174123
0.173801
0.173797
0.173414
0.173009
0.172457
0.172056
0.171737
0.171392
0.171161
0.171158
0.170972
0.170702
0.17038
0.169883
0.169631
0.169252
0.169224
0.168753
0.168659
0.168438
0.16822
0.168151
0.167002
0.166532
0.166501
0.166342
0.166322
0.166122
0.165491
0.164291
0.16427
0.164225
0.164191
0.164184
0.163951
0.16324
0.163119
0.16277
0.162727
0.162463
0.161553
0.160614
0.15996
0.159177
0.158968
0.158588
0.158492
0.157765
0.157296
0.157201
0.15683
0.156216
0.15608
0.155367
0.15508
0.154727
0.1542
0.153929
0.153227
0.1528
0.152181
0.15152
0.151364
0.150799
0.150354
0.149853
0.148701
0.148027
0.146722
0.144804
0.144556
0.143812
0.14265
0.142643
0.142501
0.142313
0.142261
0.142247
0.141351
0.141214
0.14056
0.140526
0.140056
0.139838
0.138292
0.137982
0.137083
0.137072
0.137043
0.136683
0.136509
0.136059
0.135796
0.135715
0.135666
0.135657
0.13478
0.134338
0.134123
0.133566
0.133386
0.132948
0.132403
0.131907
0.131673
0.131377
0.13099
0.130797
0.130682
0.130665
0.129643
0.129134
0.129129
0.128828
0.1277
0.127414
0.127017
0.126542
0.125264
0.124708
0.12464
0.12443
0.124186
0.124178
0.124173
0.124047
0.123969
0.123811
0.123209
0.122872
0.122761
0.122643
0.122547
0.12161
0.120991
0.120581
0.119846
0.11965
0.119416
0.11922
0.119005
0.118956
0.118939
0.118467
0.117834
0.117816
0.117407
0.117262
0.116737
0.116379
0.115646
0.114725
0.114714
0.114631
0.114155
0.113912
0.113127
0.113024
0.112921
0.112705
0.112541
0.112276
0.112207
0.111875
0.111587
0.111447
0.111373
0.110713
0.110535
0.110133
0.110129
0.109924
0.109106
0.109001
0.108968
0.108924
0.108822
0.108765
0.108716
0.108694
0.108278
0.107746
0.107478
0.107272
0.106994
0.106525
0.106416
0.105536
0.105198
0.104616
0.10453
0.104349
0.104287
0.103829
0.1031
0.102207
0.101756
0.101728
0.101553
0.10143
0.100867
0.100382
0.0997999
0.0997217
0.0993086
0.0991512
0.0991133
0.0990644
0.098739
0.0981728
0.0981637
0.0981389
0.097519
0.0973995
0.0973848
0.096778
0.0964297
0.0962839
0.0962786
0.0962116
0.0960206
0.0959858
0.0959577
0.0957991
0.0949207
0.0948699
0.094455
0.0942557
0.0942228
0.0941311
0.093541
0.0930554
0.0925238
0.0919898
0.0919673
0.0918832
0.0917851
0.0914282
0.0913057
0.091283
0.0912521
0.0911623
0.090664
0.0906051
0.0904477
0.0898334
0.0894154
0.0892009
0.0888747
0.088853
0.0883103
0.0881266
0.0876281
0.0873804
0.0873378
0.0872665
0.0871691
0.0871472
0.0869393
0.086833
0.0866349
0.0861867
0.0861541
0.0858431
0.0858371
0.0850313
0.0847623
0.0842006
0.0836024
0.0834487
0.0826913
0.0825977
0.0817441
0.08132
0.0808116
0.0805122
0.0803015
0.0802825
0.0801062
0.0799326
0.0795728
0.079218
0.0789824
0.0788874
0.0785106
0.0784823
0.0784418
0.0781511
0.0779267
0.0777872
0.0771738
0.0770979
0.0768175
0.0766276
0.0759695
0.075768
0.0755865
0.0754375
0.0753603
0.0750999
0.0750444
0.0750431
0.0748796
0.0747022
0.074346
0.0742069
0.0740658
0.074019
0.0738458
0.0729157
0.0728278
0.0725667
0.0725509
0.0724902
0.0724033
0.0722483
0.0719641
0.0718435
0.0717584
0.0714865
0.0709799
0.0705577
0.0704005
0.0703585
0.0702583
0.0697482
0.0697427
0.0693891
0.0692478
0.0688301
0.0688034
0.0684132
0.0681223
0.0679209
0.0678247
0.0673065
0.0671131
0.0670549
0.0664899
0.0664183
0.0663578
0.0663196
0.0662302
0.0661546
0.0652278
0.065165
0.0650177
0.0649605
0.0649146
0.0649115
0.0647556
0.0633138
0.0629661
0.0619569
0.061833
0.0617353
0.0616896
0.0609724
0.0608758
0.0607874
0.060333
0.0602075
0.0594547
0.0593106
0.0591215
0.0589279
0.0589221
0.0587558
0.0586345
0.0585532
0.0582881
0.057938
0.0578066
0.0574744
0.0574738
0.0568404
0.056831
0.0568132
0.0565426
0.0563961
0.0561374
0.0554765
0.0554037
0.0544589
0.0544002
0.0543383
0.0540629
0.0537503
0.0537331
0.0536374
0.0533559
0.0532759
0.0531713
0.052744
0.0526472
0.0514283
0.0513612
0.0512057
0.0511315
0.0507961
0.0506882
0.0502276
0.0499438
0.0499423
0.049907
0.0495703
0.0494544
0.0494533
0.0493461
0.0492988
0.0491904
0.0487122
0.0485231
0.0485015
0.0484095
0.0482557
0.0481711
0.0481445
0.0476552
0.0476447
0.0472692
0.0472068
0.0469075
0.0460465
0.0460332
0.0458524
0.0454725
0.0454002
0.0452991
0.0447488
0.0443945
0.0443758
0.0442364
0.0441466
0.0440968
0.044013
0.0438017
0.0438002
0.0437776
0.0435886
0.0434647
0.043059
0.0421223
0.0416318
0.0411171
0.0408521
0.0407621
0.0407212
0.040641
0.0405712
0.040536
0.0404041
0.0400854
0.0400643
0.0398711
0.039819
0.0398153
0.0396391
0.0394311
0.0393589
0.0392476
0.0391912
0.0390427
0.0387784
0.0383552
0.0382645
0.0381689
0.037978
0.0377219
0.0377171
0.0376436
0.0375383
0.0374208
0.0371767
0.0370748
0.036399
0.0362495
0.0358724
0.0357028
0.0349836
0.034958
0.0348284
0.0347648
0.034191
0.0337965
0.0337168
0.033241
0.0332146
0.0330453
0.0328116
0.0324355
0.0319075
0.0313659
0.0311382
0.0310002
0.0309456
0.0308361
0.0301817
0.030163
0.0300233
0.0299935
0.0298671
0.0297735
0.0296409
0.0293192
0.0285453
0.0285172
0.0278456
0.0275734
0.0270127
0.0269943
0.0265164
0.0256065
0.0254951
0.0254474
0.0253252
0.0247259
0.024663
0.0246409
0.0242175
0.0238969
0.0235616
0.023557
0.0232897
0.0232142
0.0228231
0.022523
0.0219914
0.0212154
0.0210179
0.0210069
0.0203233
0.0198035
0.0197073
0.0186964
0.0185787
0.0183502
0.0183005
0.0179658
0.0165296
0.0162336
0.0161289
0.0155339
0.0154825
0.0153513
0.0125613
0.0122593
0.0118907
0.0118297
0.0108317
0.0107502
0.010083
0.0100407
0.00908322
0.00902866
0.00884568
0.00865122
0.00839752
0.00640725
0.00609015
0.0052639
