-2.00571 -0.000671137 7.26951 1.71841 0.619268 0.533464 2.56035 -0.889832 1.12644 
-2.76067 -0.000479384 7.87866 0.807062 -1.1301 0.15595 2.30747 -1.41735 0.262154 
1.8616 -0.00143815 0.473342 -2.98132 9.58767e-05 9.37468 -1.33351 -0.0750715 0.967742 
1.24287 0.00028763 7.80328 -1.90316 -2.60852 0.321665 1.70394 0.531828 0.0222785 
0.866939 -2.86777 0.0253304 1.19507 -1.49942 0.00854518 2.14341 0.0288589 0.902738 
2.56108 -9.58767e-05 6.35304 -2.64605 0.733745 0.0317392 0.153172 2.081 0.437025 
-2.08518 0.00143815 4.897 -1.37837 0.879669 0.207831 -2.78979 -2.24342 0.0546281 
-2.73009 -1.17842 0.0381481 -2.31626 1.4718 0.111087 -1.21119 3.09078 0.231941 
-2.84765 -1.44592 0.309763 -2.70849 -1.63997 0.00152593 -2.79931 0.259922 0.197455 
2.34758 -0.28926 0.195318 1.81985 1.79472 0.131535 1.686 1.27986 0.242317 
2.41734 1.87832 0.0814844 -1.33314 0.0551291 0.00244148 0.36082 0.0959726 0.32075 
-2.69018 0.00028763 4.41481 2.58415 0.0163949 2.2837 0.276955 -2.2112 0.550554 
2.80883 2.39471 0.00579852 2.1901 1.30958 0.534379 -0.976257 -1.92012 0.00488296 
2.41734 -0.00450621 3.6021 1.19745 1.8695 0.0863674 1.8074 2.02846 0.281686 
0.277322 -0.147171 0.550859 1.13337 1.54141 0.0476089 0.200049 1.55253 0.468459 
1.67959 -0.000671137 6.64968 1.56514 0.0127516 2.85134 -2.18314 2.01983 0.322886 
2.8905 0.0012464 3.41533 1.28755 -2.25013 0.0735496 -2.34574 1.81677 0.546281 
-2.56767 -1.19376 0.130924 -0.806879 -1.34486 0.0317392 1.08667 2.28158 0.56032 
2.78887 -0.480055 0.257881 -2.51054 -0.427706 0.130314 -1.09125 2.65799 0.512406 
-2.55504 0.122243 0.81576 -2.76818 1.41274 0.306101 -0.537889 1.31744 0.0732444 
2.57683 0.819458 0.266427 -0.337565 0.414092 0.0628681 2.89709 0.0323105 0.468459 
2.79803 -1.09923 0.275582 -1.8909 0.724732 0.263375 2.74255 -0.875067 0.0122074 
0.526902 0.461838 0.386364 -2.41844 2.51437 0.379955 -2.7832 -2.23594 0.00640889 
1.52376 0.490409 0.0631733 1.67391 0.0672096 0.00122074 -0.133763 1.31207 0.195013 
-1.78579 2.86106 0.314646 1.55068 -1.06778 0.0170904 -0.62981 1.802 0.0714133 
1.27711 9.58767e-05 5.34928 -1.56825 -1.8254 0.289926 2.63964 2.52012 0.291452 
2.61693 0.000671137 2.80587 -0.0237129 1.61198 0.216071 -1.28846 -1.74965 0.19715 
-2.88464 -2.33546 0.198065 -2.17289 0.377083 0.0332652 2.56932 1.48369 0.233772 
-1.61861 -2.7205 0.0796533 -1.78945 2.88234 0.0836207 -0.650685 1.03422 0.20661 
-1.0929 -2.974 0.089114 -0.497238 0.530869 0.367748 2.55321 1.23077 0.551469 
-2.41514 -0.00527322 3.58135 2.8059 2.79394 0.0265511 -2.1359 -0.466632 0.0778222 
2.94836 0.0246403 0.985748 0.240883 -2.06643 0.143437 2.80242 -2.58167 0.00640889 
-1.79952 -0.0012464 5.08683 -1.04529 -2.26509 0.13947 0.667348 -2.16633 0.23133 
2.59697 0.246883 0.739158 2.32762 -1.55675 0.600909 -0.153172 0.60316 0.0231941 
-0.90997 -2.27218 0.0466933 0.69628 2.46815 0.0500504 0.0976897 2.59471 0.0912503 
1.2685 -0.946783 0.283212 2.43565 2.83019 0.209357 2.94031 1.02617 0.340892 
-2.948 -3.10171 0.03296 -0.814386 1.63863 0.290231 0.977172 0.0597312 0.332652 
2.14908 -0.582643 0.378124 1.75594 0.935853 0.375072 0.238685 2.5602 0.459914 
-1.20203 0.249567 0.837428 -0.700125 -3.03402 0.350963 -1.96982 2.16346 1.1774 
2.43162 0.00891654 2.74758 2.0817 -1.75349 0.259407 1.40162 -2.94562 0.111393 
-0.143468 -0.38763 0.244453 2.3516 1.74908 0.524003 1.38386 1.84745 0.122074 
-0.857051 -0.330679 0.405896 -1.72884 1.36883 0.228889 -0.0500809 2.35406 0.351268 
-1.70339 -0.280056 0.143437 0.236671 1.6371 0.0268563 -1.94107 0.655126 0.236824 
-2.20713 -1.77286 0.292978 -2.48289 2.20795 0.193182 1.8713 3.04111 0.0143437 
-2.20365 0.0102588 2.67678 -1.42232 -2.12415 0.151677 1.14618 1.87314 0.491043 
-2.64385 -0.423487 0.558489 -2.91888 3.07812 0.180364 -2.72588 -2.04457 0.07416 
-1.35621 1.602 0.127873 2.42412 -0.409489 1.32969 2.73064 2.34562 0.622272 
0.498886 -0.00105464 3.84045 -2.37889 0.0248321 1.00345 2.97473 0.141993 0.0149541 
1.42122 0.0405559 0.0222785 1.26118 1.09156 0.00824 -0.441389 -1.57842 0.248726 
-2.36662 1.36672 0.0573748 0.145848 -2.81005 0.133366 0.591174 0.80105 1.31993 
1.99051 1.78359 0.044557 0.831599 1.68273 0.27131 0.498886 0.554455 0.278024 
2.79583 0.45551 0.0122074 1.50545 0.326844 0.251473 -0.626514 -2.15943 0.328684 
2.32597 0.00143815 4.75051 -2.6878 -0.00105464 0.707419 1.57814 0.171715 0.427564 
-2.96631 2.40718 0.0405896 -1.39576 -0.375933 0.0970489 0.654714 1.07698 0.490738 
-1.45216 0.0117928 2.6072 -0.373638 -1.44477 0.106815 0.558214 -0.740456 0.600909 
-2.34373 -2.55099 0.0222785 1.73086 -2.47908 0.0204474 0.875546 0.52761 0.490738 
-2.14597 -0.0208052 0.566424 -2.78027 -2.95022 0.0686666 -0.443037 2.86758 0.00976592 
1.69808 -0.805269 0.25483 2.33805 -2.73086 0.0256355 2.94543 0.298272 0.489517 
1.45967 0.135282 0.184332 2.91119 -0.913609 0.111393 0.155187 1.20738 0.713523 
-2.11521 0.00546497 2.91665 -1.97696 2.30977 0.131535 0.915281 0.919745 0.0842311 
-1.7076 0.315914 0.0228889 -2.36552 -0.451867 0.294198 0.729057 2.22213 0.417188 
-2.97565 -0.0374878 0.411695 -0.115085 -3.00564 0.109256 -2.18992 -1.8532 0.13245 
-1.48549 -0.0192712 1.94494 1.90628 -1.43 0.187994 1.18464 1.00297 0.244148 
-2.97345 -0.246883 0.14893 0.638417 0.00623199 0.16541 1.51277 0.360976 0.28901 
-0.508408 0.457236 0.0720237 -2.64769 -2.43441 0.0701926 0.672842 -2.75329 0.266732 
1.1059 -0.637293 0.0103763 0.317972 0.209682 0.405286 0.620289 2.3508 0.469069 
2.86175 0.112463 1.24454 1.91488 -2.61312 0.658589 1.91488 2.37151 0.0759911 
-0.85229 -2.95578 0.0167852 -1.07221 0.404696 0.00244148 -0.695547 -2.52971 0.463576 
-0.7622 -0.778423 0.314951 -1.25385 1.09808 0.187994 -2.67003 0.494053 0.988495 
-2.85314 0.0735374 1.36448 -2.434 2.83019 0.147099 2.75353 -2.44419 0.127567 
2.38072 -0.00239692 4.2497 -1.36189 2.38378 0.399182 1.9559 0.283124 0.149846 
-2.43474 0.174592 0.580767 -0.099704 -2.31897 0.0152593 1.19745 2.68484 0.242927 
-2.74291 -0.142377 0.994598 2.16099 3.04974 0.221259 -1.36866 -2.19376 0.036317 
-1.45326 -0.0016299 4.03882 -1.73269 0.00508147 1.84362 2.49535 0.363469 0.731223 
2.97821 -0.168647 0.507523 0.998047 -2.15617 0.267037 2.00296 -1.00718 0.0869778 
-1.51186 9.58767e-05 6.78335 -0.010712 -3.13526 0.24659 0.595019 1.34525 0.292062 
-1.06763 -0.106519 0.95584 1.20936 2.28119 0.101016 -0.211402 0.26299 1.02176 
2.08847 -3.0624 0.239875 2.07254 -1.86701 0.00732444 -0.0608844 -0.670082 0.132756 
-1.21375 -0.0129434 2.74819 2.06522 2.12185 0.468459 -0.197485 1.33988 0.0463881 
0.978637 -0.610255 0.0747703 -0.290139 0.975737 0.0592059 2.15751 1.32204 0.374157 
1.48659 -2.61811 0.177618 -1.79312 1.6371 0.440992 2.62041 0.903638 0.235908 
-1.78011 -0.47411 0.520035 -0.721183 -3.04495 0.0317392 0.610401 2.40986 0.161443 
2.65978 -0.00584848 1.17252 1.81216 -0.366537 0.0473037 1.06543 0.934319 0.393994 
0.709647 -2.88119 0.129398 -0.773736 3.09231 0.0317392 2.79418 1.47794 0.233467 
-2.84454 0.374015 0.0628681 -0.38023 0.583218 0.0500504 2.75866 0.131063 0.629597 
0.325114 1.89615 0.00488296 1.10828 2.99164 0.145573 1.95975 -2.43997 0.826746 
-2.85351 2.6532 0.0393689 -1.77425 -0.289644 0.922269 1.19306 1.66528 0.563982 
2.88739 -1.89289 0.265511 -1.78286 2.45895 0.834681 0.0315867 -0.425022 0.127873 
0.567186 1.26874 0.0561541 1.47395 -0.0898365 1.44353 1.52504 -3.13622 0.318613 
2.37303 0.119558 1.14902 0.44322 -3.02155 0.309153 -2.93371 -0.945057 0.201422 
2.42137 1.82597 0.00915555 -2.7008 -0.125503 1.08432 -2.89929 1.63479 0.773034 
-1.9407 -0.0133269 2.5898 -1.44594 0.210641 0.126347 1.72756 2.90478 0.240486 
1.74496 -0.00872478 1.09043 -2.97913 2.26911 0.106204 2.15567 0.18207 0.521561 
2.36717 -1.22521 0.167241 1.57466 -1.56308 0.0122074 -0.480575 1.28273 0.916166 
0.419782 2.51609 0.120243 2.9447 1.54889 0.0643941 -0.984313 -0.334514 0.34608 
-2.28532 -0.156183 0.603656 1.26905 2.74907 0.215155 -2.50542 1.02809 0.204474 
1.79879 -0.789928 0.234382 2.33439 0.373632 1.26957 -2.71654 2.14486 0.241096 
2.25309 0.0428569 0.220344 1.67702 0.033461 1.10355 -2.29759 0.773054 0.517594 
-2.16355 -0.0012464 2.7311 -2.5034 1.17228 0.126957 -0.515183 -1.93048 0.404981 
1.84164 -1.48619 0.210273 -1.74129 -1.70037 0.0256355 2.51531 1.66356 0.290536 
-1.94327 -0.00565673 2.33589 2.79821 -1.12933 0.194098 2.32157 -2.21888 0.0759911 
-1.65194 -0.0012464 2.79244 1.35328 1.47967 0.512711 -0.65453 -2.89212 0.0369274 
-2.85607 -0.02023 0.507523 -1.30915 3.01312 0.0433363 -1.77334 -0.658194 1.05228 
2.75701 0.0735374 0.13123 -0.239967 -0.0626075 1.15604 -2.34648 2.93718 0.30427 
-0.0244453 -0.18322 0.0357067 -2.00919 0.0257908 2.07343 2.18662 -1.18743 0.628071 
1.80081 -0.287151 0.28779 1.03339 -1.84035 0.0924711 -0.146214 1.11974 1.04709 
0.587878 2.52645 0.0903348 -1.69442 1.51687 0.0817896 -1.00061 0.386863 0.274972 
2.30436 -0.0986572 0.0341807 1.94308 1.36308 0.113834 0.581469 1.65397 0.0677511 
2.30216 0.17881 0.28901 -0.527818 0.26625 0.131535 -0.52031 -2.62904 0.522477 
-0.880123 -0.111696 0.267953 2.99524 0.401244 0.235603 2.31516 2.93373 0.439467 
0.934507 -0.509393 0.563677 1.65944 3.00161 0.113224 -1.00299 0.633458 1.00864 
-2.86193 0.305943 0.372021 -2.82586 -1.76039 0.327158 -1.28718 -0.555414 0.0454726 
1.16248 -0.324351 0.446791 -2.63341 2.74601 0.0991852 1.56569 2.40986 0.348216 
-2.91961 -0.0041227 1.74047 2.33238 0.752536 0.275277 1.9407 -0.548702 1.1005 
-1.92349 -0.735279 0.27192 -0.777581 2.45991 0.410169 2.15915 2.4112 0.226753 
0.704337 -0.0104506 2.21015 -1.88137 1.25531 0.00824 2.19028 0.620418 0.334483 
1.09894 -0.0277084 1.18839 2.42851 0.426556 0.526749 -2.60613 -0.288877 0.183111 
1.22565 0.0016299 2.20893 -1.26466 -1.72684 0 -0.532395 -3.02443 0.278024 
1.623 -3.01197 0.180059 1.66787 1.6022 0.137028 -1.27876 2.9113 0.14069 
-2.52025 -2.92223 0.120243 -2.46367 1.4277 0.160527 0.639882 1.70709 0.420545 
2.30931 -0.0476507 1.47557 -1.28846 -0.295971 0.374767 -2.80462 -1.46413 0.05768 
2.21409 0.799516 0.599994 -0.830317 3.08138 0.0259407 -1.36848 -2.87927 0.120548 
-2.7376 1.48657 0.0955229 0.872066 -0.967684 0.0360118 0.0105289 2.17247 0.440992 
0.270913 0.0229145 0.13123 2.18644 -2.71878 0.00701926 0.828303 1.39127 0.60976 
1.8356 2.28254 0.0500504 1.11963 1.10824 0.38667 -2.08902 -2.33949 0.0750755 
0.188879 0.647647 0.467544 1.47414 -2.87199 0.177618 2.09049 0.163086 1.79662 
-2.86138 1.35694 0.0256355 1.9321 0.00738251 0.25483 -0.931578 -0.141226 0.0616474 
0.992553 0.130872 0.937223 2.56603 -0.895776 0.0546281 0.32017 -3.0089 0.211798 
-2.08115 0.212559 0.679647 -2.16245 -1.29021 0.432752 1.10956 -3.07179 0.382702 
-0.931394 -2.15828 0.201727 -2.49168 1.68139 0.596332 1.50435 1.30498 0.504166 
-1.66256 2.4461 0.0671407 -1.73763 1.34505 0.108951 1.4485 -2.80583 0.0665304 
2.1196 -0.47411 0.311899 0.112522 2.05013 0.145573 -0.882687 -0.496737 0.902738 
-2.2725 -0.0472672 0.85696 2.74914 0.410257 0.270699 -0.463729 0.00910829 1.41758 
2.96008 -2.0927 0.00579852 2.80151 0.464523 0.119327 -2.45946 1.07296 0.0817896 
-0.424726 -0.776314 0.151067 -0.531846 0.160977 0.546587 -2.94159 0.279481 1.59856 
2.80902 -2.42233 0.093997 -0.0927458 0.594148 1.12766 -2.10349 -0.898653 0.0799585 
-2.71325 -1.24553 0.145878 -1.6166 1.14812 0.354015 -1.06708 0.0689354 0.468764 
-2.32688 0.149472 0.863063 2.11246 -2.14237 0.323191 1.25404 -1.55963 0.178838 
1.48128 -1.4534 0.178838 -1.68966 0.60527 0.530717 1.94803 2.16001 0.0698874 
2.65337 0.512845 0.253609 2.56804 -2.77074 0.276193 2.40892 2.1788 0.932951 
-1.15442 0.139117 1.05045 -0.290139 -1.24918 0.58504 -0.322184 -2.69692 0.325327 
-0.0330515 -2.25972 0.0286874 0.801752 1.44822 0.404981 -2.3701 -2.89845 0.235298 
-2.49736 -0.488492 0.0772118 -2.59624 -2.60986 0.121464 -2.4752 -0.635567 0.202643 
-0.849544 -1.52358 0.137028 -2.72277 0.381877 1.35441 1.15607 1.68791 0.238655 
0.576891 0.0348033 0.0332652 -2.8515 -1.02137 0.0421155 -0.108493 -1.65013 0.37904 
-1.1482 -2.07199 0.200812 -1.86361 2.86547 0.390332 0.129734 1.49654 0.189215 
-2.48344 0.313229 0.32075 -0.95172 0.100575 0.726341 -0.0202338 -0.398751 0.00335704 
-2.07639 -0.137775 0.145878 -2.37303 0.365194 0.618915 -0.884884 -0.712652 1.30741 
2.88574 1.36059 0.128483 -0.88525 2.73047 0.25544 1.92166 3.10612 0.137944 
1.76803 -0.356182 0.00335704 -0.764946 2.94965 0.0860622 2.94305 -0.135474 0.182806 
-1.94198 0.615816 0.240486 -1.94345 -0.507476 1.22868 0.722648 -2.64418 0.180059 
2.00607 1.0812 0.0842311 0.310282 -0.241897 0.228889 -1.57631 -2.60526 0.0640889 
-2.68139 0.330487 0.381787 0.609302 -0.410448 1.15207 1.71053 -0.711309 0.111087 
0.909604 0.245349 0.115665 -2.71014 -0.0098753 1.9715 -1.41627 -2.2346 0.512406 
-1.73489 0.267784 0.316477 -1.97018 -1.56979 0.596026 -0.751396 -2.74313 0.00732444 
-1.45582 0.173057 0.18891 -0.37492 0.681779 0.000915555 -2.66198 2.26202 0.354625 
-0.0240791 2.99049 0.0125126 -2.71892 -0.0369125 0.540178 -1.75411 -2.3184 0.55208 
-2.39775 -0.0298177 2.11707 -1.12897 2.54562 0.179449 1.68087 -0.908815 0.536515 
-2.95532 0.0269414 0.504776 -2.83282 0.437102 0.577105 -2.10184 -3.03843 0.520341 
-1.21943 -0.227899 0.412305 2.37211 0.677561 0.419019 -0.977721 -1.73604 0.556047 
1.53365 0.0303929 1.67577 1.5602 1.9138 0.133976 -0.389386 -1.2672 0.04944 
0.668081 2.50363 0.198675 2.14341 1.82616 0.0323496 1.67666 -0.937195 0.103153 
0.436079 -0.0263661 2.10852 0.319254 1.51399 0.0158696 2.05954 1.01792 0.314951 
-1.04804 -0.019463 1.30131 -0.427656 0.0731539 1.05747 2.7517 0.0231063 0.29664 
-1.64882 -0.760974 0.166021 -0.960509 0.391465 1.12674 2.55449 -1.60948 0.679342 
0.872982 -0.159251 0.0915555 -0.157384 2.97055 0.0595111 -1.8572 1.0116 0.477309 
2.39042 0.21601 0.299081 2.07639 -0.315722 1.01108 -0.577807 -1.29558 0.262154 
-1.55177 2.32837 0.0589007 1.34431 -2.39701 0.243538 -1.00977 2.87448 0.690329 
-0.560778 -2.18858 0.00762963 1.32618 1.22387 0.588702 0.261208 0.373056 0.00579852 
2.56401 1.50057 0.169378 -2.03153 2.77343 0.116886 2.51476 -1.29156 0.176702 
-1.47121 -1.58321 0.236213 -2.93664 2.32319 0.487686 -2.44188 -2.11878 0.0573748 
-2.63945 -0.174783 0.516373 -0.219642 -0.0860014 0.175481 -2.99927 1.21926 0.756249 
-2.47996 -0.0976984 0.89938 0.419782 1.01601 0.269784 1.81344 3.05224 0.397046 
2.84967 -0.00527322 1.04984 -2.67479 -0.00143815 0.0354015 -1.13868 -0.514187 0.646382 
0.631825 0.311887 0.290231 2.13681 -0.182645 1.62084 0.0641804 0.704215 1.25675 
0.668996 2.58838 0.249336 2.65886 -3.04054 0.171514 1.47725 1.16864 0.14832 
1.48146 -2.05147 0.0878933 2.21976 0.304025 1.38981 1.52669 -0.30786 1.18809 
-0.784722 2.76345 0.227363 1.51552 -2.89902 0.18952 -1.3965 -1.00258 0.0796533 
-2.82092 -1.96077 0.0885037 -0.961425 -0.448415 0.300607 1.69863 2.30631 0.406812 
-1.12165 -0.006999 2.35908 -1.47468 1.08485 0.123905 0.97644 2.13124 0.188299 
1.65798 1.85876 0.0195318 2.01065 1.53432 0.0180059 -2.14304 2.33891 0.445875 
-0.869137 -0.823293 0.488601 -1.1449 1.47717 0.161748 -0.24601 2.4183 0.0589007 
1.83853 -1.65282 0.0619526 -2.55705 0.441704 0.0589007 -0.867489 0.278138 1.45817 
2.2487 -0.0325022 1.32023 0.792962 1.16327 0.00579852 1.3694 1.4557 0.367138 
2.53966 -1.28676 0.0537126 -0.880673 0.0305847 0.734275 2.82458 2.8252 0.605487 
-1.66567 -0.0867684 1.16092 0.744072 -0.487725 0.156865 2.43986 1.96365 0.848415 
-2.21537 0.0804406 0.835597 1.02826 -2.16327 0.153813 1.97824 1.33355 0.722373 
1.85702 0.00546497 2.05512 -2.57353 -2.58896 0.398572 -2.1185 0.168264 0.159612 
-1.8746 0.610639 0.231025 -0.578906 2.63939 0.0021363 0.368328 2.51398 0.357372 
-1.0484 -1.80833 0.0820948 1.2848 -0.493861 0.0387585 -2.36387 2.28369 0.611591 
-1.86581 -0.490601 0.222785 -2.382 -0.760782 0.0634785 -1.61623 -1.12032 0.0628681 
-1.76089 0.219654 0.11597 -1.94528 -0.246499 0.93112 1.64827 -0.801434 0.165716 
1.53401 0.714186 0.365917 2.99451 -1.56269 0.752281 -0.822443 -1.77938 0.175481 
-0.618458 -0.97708 0.296335 -2.91028 0.397793 0.259713 2.71819 1.96058 0.584124 
-1.26081 1.09271 0.25544 -2.70867 -0.14161 0.0112918 0.519028 -2.51916 0.421461 
-1.10389 -0.680437 0.0219733 1.02771 0.771904 0.104068 -1.40986 -1.14927 0.0946074 
1.23023 0.0896447 1.01962 2.77166 -3.11417 0.350963 2.3646 1.17995 0.223395 
-2.05423 0.432308 0.533158 -1.75961 -2.2509 0.0207526 -0.76989 -2.69557 0.696738 
-1.11963 -0.339308 0.571001 -1.30604 1.09808 0.623493 -0.613697 2.00104 0.11597 
1.34816 -0.0158197 1.9364 -2.64568 -2.46163 0.0244148 1.56349 2.92971 0.0225837 
-1.89987 0.0181207 1.07212 -1.16156 -2.70113 0.0112918 -2.26133 1.68062 0.376293 
2.58782 0.089453 0.876186 -0.106845 -1.82444 0.279244 2.2172 -2.76384 0.27192 
2.40654 0.590888 0.21424 1.43641 0.174975 0.0701926 0.129917 -2.11379 0.529496 
1.82296 -2.60353 0.417493 2.45195 -1.99893 0.0192267 -0.967467 -1.33106 0.0720237 
-2.00571 1.01754 0.195318 -1.34028 -0.566727 1.14994 1.38936 -2.85013 0.258187 
2.35728 -0.156183 0.747093 -1.85263 1.45953 0.286874 -2.3582 -1.3115 0.156255 
0.621387 -0.522816 0.589007 1.3227 2.9646 0.114139 0.0418409 1.19568 0.907926 
-2.4796 -3.10497 0.0274667 1.65725 0.519364 0.245979 2.33842 2.49251 0.430616 
-2.27323 -2.58608 0.193182 2.80865 1.11955 0.364696 0.136143 1.88657 0.00732444 
1.4311 1.65838 0.272835 2.93573 -2.92779 0.466628 -1.49409 -0.867397 0.0537126 
-1.02075 2.23997 0.170904 -2.3148 -1.97842 0.883206 2.53783 0.690792 0.0537126 
2.25144 -2.11322 0.383618 2.42759 -1.86202 0.0720237 1.87332 -1.27679 0.0503555 
2.78375 -0.483315 0.13947 -1.65194 -0.138734 0.555437 1.97806 2.69653 0.367138 
-2.01468 0.358483 0.295724 -2.64623 2.70248 0.37843 -1.47688 -0.75292 0.0210578 
2.52208 0.0468837 0.921659 2.52208 -1.08619 0.182501 2.72314 -0.695777 0.494705 
2.86834 1.32454 0.359203 2.27012 -1.67679 0.163274 -2.14212 1.74103 0.0399792 
-1.94528 -0.0098753 0.829188 2.09671 2.87966 0.0183111 -0.149327 0.630006 0.191656 
-1.2251 -1.95349 0.00793481 -1.80026 2.3439 0.221564 0.777947 -0.235569 0.38667 
-0.53441 -1.79759 0.00824 2.52702 -1.81562 0.0665304 1.02185 2.44323 0.224006 
-1.64022 2.47256 0.0442518 -2.90387 -0.562509 0.522782 1.87918 -0.0829334 0.515152 
0.575976 -0.564235 0.0350963 0.609302 1.35675 0.200201 0.290506 3.10458 0.0534074 
1.15809 -2.84476 0.0927763 1.37983 -1.85934 0.0369274 -2.7138 1.63652 0.679952 
-0.220008 0.134132 1.08524 -1.57997 -2.11629 0.10773 -0.560961 -0.348895 0.335093 
-2.56475 0.416776 0.608539 -2.98407 -0.992612 0.0695822 2.58727 3.11954 0.0125126 
-2.2758 -0.432308 0.421461 -2.88574 2.1857 0.161443 -1.51167 1.50709 0.0811792 
0.970763 1.76634 0.0125126 1.98355 1.26203 0.324107 0.956114 -2.71763 0.148015 
1.60799 0.00623199 1.21769 -0.347087 0.0413229 0.154118 0.27604 1.83652 0.11475 
0.764214 0.0307764 1.59825 1.74477 -1.6649 0.174566 -0.327677 2.98033 0.348827 
1.15259 -0.102684 0.94821 1.21009 2.2998 0 -0.165258 1.04055 0.530412 
-1.29505 2.67678 0.069277 -2.62371 0.288877 0.0537126 1.90335 0.370947 0.588702 
0.44084 1.60066 0.298776 -1.98666 -2.54773 0.822779 2.68523 3.13143 0.0924711 
1.38588 0.121476 1.02023 0.74041 -0.549278 0.00396741 1.95279 1.38801 0.14069 
2.10367 -0.0988489 0.0204474 1.44337 0.0273249 2.10089 1.77847 -0.989352 0.422071 
0.12772 -0.532595 0.0634785 2.73833 1.93987 0.268868 2.39903 0.877176 0.218207 
2.44481 1.3255 0.237739 2.33586 -0.261648 0.213935 1.32142 -0.856659 0.0228889 
2.40086 -0.0173537 0.397351 1.27857 -0.730101 0.196539 0.0431227 -0.997789 0.0372326 
-2.9328 0.425789 0.745262 2.98279 -0.100191 0.0888089 1.37306 -0.432116 0.00579852 
-2.8916 -0.140843 0.9888 -2.83264 3.04399 0.162664 -1.08264 -0.601243 0.936308 
-2.7788 0.0493765 0.9064 1.65889 0.957713 0.167241 -2.58141 0.659728 0.192877 
2.90204 0.260689 0.193182 2.68615 -2.3299 0.280465 -0.171117 1.951 0.174871 
1.28938 -0.901912 0.365001 -2.73064 1.79587 0.299387 -2.39024 -0.876984 0.0372326 
0.85522 0.0307764 0.150151 -1.89291 -2.50574 0.0100711 -2.5435 2.23115 0.224616 
2.33 -1.2672 0.133976 0.839473 -2.36077 0.417798 -1.25898 1.28139 0.0103763 
1.04437 -0.0112176 1.59948 -1.74532 -2.216 0.0881985 -2.42009 -1.79683 0.255135 
2.71673 1.47315 0.324717 2.71801 -3.03728 0.431227 1.39595 0.582451 0.193487 
-0.30076 -0.553113 0.212714 2.03336 0.32972 1.03519 -1.1872 2.3205 0.239875 
1.55672 2.45818 0.0799585 0.959227 0.513803 0.308542 2.98608 1.75656 0.133671 
-1.10791 0.324734 0.635395 -1.09198 -1.08887 0.580462 2.22233 -2.65243 0.312204 
-2.08298 0.0430486 0.578326 2.80663 2.15981 0.153813 1.50856 -1.00009 0.292673 
1.64608 0.399902 0.498978 -1.64754 1.29156 0.162664 -2.89416 -2.18858 0.182196 
-0.952086 -0.585327 0.343638 -1.2588 1.72799 0.611896 2.92932 -1.07756 0.0955229 
-2.86779 1.31476 0.0897244 -0.152623 -2.27909 0.0924711 -1.81747 0.43691 1.02756 
2.05625 1.70057 0.0854518 0.976989 1.86413 0.0299081 -0.801569 -0.562317 1.30711 
2.46385 -0.72991 0.563982 -0.949522 -1.01869 0.0933866 2.19871 0.801242 0.0686666 
-0.497421 -0.0574302 1.51006 2.55705 0.843619 0.0836207 -2.44023 0.68408 0.748009 
-1.90371 0.461071 0.415052 -2.93225 0.602969 0.09888 1.88742 -2.44898 0.468764 
0.908139 1.29232 0.115055 -2.66271 -0.442855 1.05319 -1.57668 -1.73201 0.32136 
1.72335 -0.511694 0.294198 -0.129002 -0.645921 0.110782 -2.6585 1.65915 0.867946 
2.70354 0.201053 0.814539 -2.77441 -0.640936 0.0311289 0.0672933 -0.820992 0.886258 
1.62355 -2.18685 0.00579852 -0.683645 -1.84476 0.0219733 1.69955 0.740839 0.311899 
-1.64827 2.67486 0.0405896 -1.87936 -3.04457 0.0793481 -1.39045 -1.5464 0.574053 
2.64788 0.0518693 1.27262 -2.89856 -0.0741127 0.126041 -2.71178 -0.96941 0.507523 
1.65249 -0.197985 0.573748 1.18775 2.0091 0.284433 -2.6032 -1.23786 0.187689 
2.26261 -1.92549 0.122379 -1.30421 1.25397 0.413526 2.44627 -2.35406 0.473647 
-1.5417 0.0290506 0.919523 1.71273 -2.36806 0.0170904 1.51845 0.953302 0.557573 
-0.124241 -0.184754 0.0524918 0.63329 0.0119846 2.91086 -1.32417 -0.780532 0.176092 
0.157018 1.81773 0.0427259 1.4648 1.10881 0.0540178 -0.624683 -1.09232 0.286569 
1.81582 -0.624445 0.380261 2.81835 1.4348 0.351573 -2.18625 2.91724 0.0967437 
2.05258 1.45589 0.275582 -2.64147 -1.49577 0.847194 2.10807 1.74524 0.26429 
-2.01706 0.140076 0.213935 0.488815 2.43134 0.403455 1.73983 -2.17765 0.0109867 
1.18537 -0.763466 0.457167 2.01065 2.07122 0.506302 -0.621754 2.92319 0.43611 
-2.08023 0.0898365 0.513016 -1.12641 -1.77362 0.239265 1.65175 -1.2695 0.398267 
1.83541 0.00316393 0.895108 -1.67116 2.36269 0.184942 -2.99561 -2.25608 0.116886 
2.76324 0.601818 0.555742 -1.31904 -1.93335 0.0424207 0.0297555 2.81868 0.142521 
2.07785 0.45877 0.522172 -2.9469 -1.01486 1.04099 2.9079 3.06681 0.111087 
-2.64074 1.69059 0.131535 -1.19892 -0.136049 0.345775 2.81011 -1.658 0.963164 
-1.82717 0.668932 0.350047 1.9971 -0.0930963 0.0152593 1.19947 -0.879861 1.21403 
1.60781 -1.49692 0.0558489 2.6856 0.33739 0.811182 -2.78924 -0.986284 0.731223 
0.774285 1.24112 0.173345 1.96286 0.341417 0.101627 2.45634 -0.792229 1.06723 
0.305521 -1.02444 0.0238044 -1.16449 2.41312 0.189825 -0.000824 -0.507284 0.178228 
2.51897 0.286384 0.195624 0.352397 0.0771808 0.749535 -1.75063 0.442471 0.196844 
2.79144 -0.915335 0.167241 -2.86633 -2.63057 0.143742 -0.766045 2.28752 0.823695 
-2.17051 0.272002 0.614338 -0.926084 -0.872191 0.572527 -1.80227 -1.85148 0.162664 
-0.0226142 0.917444 0.180364 -1.21961 -1.88695 0.0369274 -0.821711 0.25532 0.315867 
2.59642 -0.0823581 1.24973 -0.926817 1.06452 0.708945 -1.44996 -0.0848509 0.316782 
-2.27946 2.41887 0.144963 -2.80352 -1.76097 0.463881 0.391034 -2.96767 0.382397 
-2.95093 0.70805 0.10712 -0.36375 -3.05837 0.279855 -1.03888 -1.60661 0.201727 
1.03284 -1.19568 0.0354015 1.54866 0.11975 0.642109 1.43403 2.51705 0.0799585 
-2.11429 0.383219 0.534074 1.12 -2.94715 0.390027 -2.56053 1.58129 0.0338755 
-1.83688 -2.04572 0.212409 -2.00735 -2.96595 0.0772118 0.0508133 1.63307 0.236518 
-1.17035 0.0973149 1.08737 -1.98245 -0.503832 0.0698874 1.93924 -0.832306 0.774255 
1.94363 -1.01677 0.262764 1.12018 1.75215 0.39613 2.24155 -1.0114 0.928068 
-2.86706 -0.0507188 1.45299 0.672109 0.546785 0.693686 -1.18867 -0.879669 0.356151 
1.50691 2.77784 0.130009 -0.204077 2.00047 0.0180059 -2.36424 -1.88043 0.829188 
-1.4073 0.021764 0.538652 -2.67516 -1.48024 0.0366222 -2.00809 0.45877 0.799585 
1.21558 -0.107094 0.968352 2.51421 -0.788586 0.0112918 -0.814386 -0.758097 0.201727 
0.109043 -2.78589 0.0726341 1.28755 0.898269 0.229194 2.64019 2.26931 0.506607 
1.29926 -2.83402 0.336924 -1.02991 0.711885 0.0524918 -1.02826 0.888873 0.118717 
-0.995849 1.51361 0.0781274 1.24232 1.39549 0.00396741 1.26118 2.52165 0.0262459 
-2.42503 -1.68369 0.245064 -1.6393 2.08407 0.299081 2.71526 -0.224447 0.956755 
1.47853 -0.209491 0.0369274 0.081576 -0.140459 0.336619 1.40126 2.46873 0.495926 
-1.85977 1.08197 0.0909452 2.62188 2.96595 0.0808741 -1.89328 -2.03402 0.144353 
-2.67241 0.0503353 0.0515763 -2.62627 -0.733169 0.285958 0.0680258 0.47948 0.348521 
2.41386 -1.42041 0.3296 1.46901 -1.19491 0.10712 1.36665 0.599901 0.0189215 
-2.93445 2.51705 0.188299 -2.88739 -1.21907 0.301828 -1.44063 -0.724924 0.0579852 
2.14432 0.925115 0.179754 -2.91522 -1.81197 0.277718 2.72662 1.54505 0.670492 
1.66054 0.628664 0.472427 -1.78927 -3.09806 0.133061 0.267067 -0.929141 0.690023 
1.67611 1.41063 0.210883 -2.96411 -2.42348 0.393994 1.18354 -0.786477 0.367138 
2.71691 2.9577 0.0234993 2.06467 -0.438253 0.734581 -1.61257 -2.39855 0.0845363 
2.46953 -0.140076 0.769982 -2.42119 2.8553 0.256966 -1.8334 -2.59567 0.744957 
2.11191 -0.304217 0.386364 1.53621 1.63192 0.0714133 1.86563 -1.28178 0.475478 
1.82022 0.846879 0.139164 -0.926634 -2.04016 0.16419 0.536424 2.00603 0.699179 
-2.39647 1.258 0.104984 0.502731 -0.89942 0.428785 -2.89599 -0.935469 0.133976 
-2.08115 1.52185 0.0833155 -2.69457 -2.65511 0.0338755 -1.17512 -0.751578 0.730613 
-0.610584 0.0125599 2.43202 -1.16926 -0.414092 0.887173 0.255531 1.88753 0.51149 
-1.55159 -0.392423 0.248115 -1.52962 0.693093 0.201727 -2.86065 0.423296 0.208441 
-2.91852 2.36499 0.245369 -2.70336 -2.95962 0.405286 -1.09693 0.430774 0.249947 
0.277505 1.85167 0.19715 2.50377 0.345827 0.0537126 2.99213 -2.00584 0.640278 
-0.769158 -0.384178 0.664998 1.88266 2.08158 0.512406 2.53691 -2.09558 0.02472 
-2.50505 0.66548 0.213935 0.12186 -2.01255 0.568865 -0.672292 -0.500381 0.0561541 
0.754509 0.45877 0.0637837 2.25785 -1.44745 0.410779 -0.0544755 -0.0451579 0.00824 
1.75411 2.16614 0.210578 2.45524 -1.62751 0.143742 0.695914 2.27161 0.260628 
2.94763 -1.56921 0.0732444 -1.71932 -0.475644 0.204474 2.38163 1.37899 0.556047 
0.955931 0.780724 0.205084 2.75939 -1.5533 0.542619 -2.58269 2.40756 0.0805689 
0.409162 2.48733 0.123905 -2.04855 -0.946783 0.392773 -1.60103 -1.82636 0.600604 
-1.67666 -0.367112 0.266732 -1.90463 0.087919 0.245064 1.63765 1.91226 0.299692 
0.826106 -2.50363 0.113529 1.43037 0.661837 1.08188 -2.72387 -2.38052 0.457472 
2.68725 0.805077 0.413221 -0.740043 -1.03825 0.013123 0.478561 -3.09097 0.384838 
1.95187 -0.0888777 0.764489 1.26246 1.40546 0.416272 -1.76785 -1.32876 0.340892 
-1.97861 0.454935 0.503555 -1.22932 2.06854 0.0924711 2.15879 -0.484849 0.299692 
-2.58104 2.58723 0.209052 0.650868 -2.25416 0.350047 -1.54628 -0.876601 0.68392 
-1.02551 1.54122 0.109561 -1.83596 0.85244 0.447096 2.97546 2.93047 0.0631733 
2.32963 0.0353785 1.17954 -2.37669 0.177851 0.552385 1.40236 -0.368454 0.261849 
0.447249 2.22559 0.174261 0.404401 -2.14121 0.762047 -0.0281075 -0.0929045 0.0186163 
-2.54881 2.97189 0.16541 2.10257 -0.444964 0.293588 2.91815 -2.88081 0.0161748 
-0.504196 -0.584944 0.237129 2.21317 -0.918978 0.173956 0.803034 0.471426 0.416883 
-0.572314 -0.137583 0.0540178 -0.491195 3.03191 0.216681 1.72097 -2.48311 0.269478 
1.60012 0.0242568 1.15635 2.72698 -0.10441 0.567949 -0.197485 0.0752632 0.475173 
1.39723 0.0150526 0.93936 -2.3831 1.72051 0.228889 2.54772 -0.204697 0.107425 
-0.450911 -0.0871519 0.267037 2.78118 1.77075 0.281686 2.53746 0.778423 0.0570696 
-1.81088 0.27718 0.267953 -2.89966 -1.66988 0.154729 2.30235 0.650907 0.89053 
-1.64003 0.748318 0.20661 -1.33113 -2.99778 0.255745 -0.353313 -3.01024 0.108646 
0.842769 -0.681971 0.105594 2.05918 2.24342 0.356761 -2.56182 -2.89519 0.108341 
2.4221 0.578041 0.496536 2.8178 -1.58034 0.432447 -2.86853 1.41466 0.13947 
-1.99417 -0.046692 0.273751 1.36573 1.33508 0.0274667 -0.643178 2.84763 0.408948 
-2.36772 -2.72376 0.103458 -2.60503 0.831539 0.517899 2.89837 -0.117832 0.282601 
-1.52229 2.73431 0.0726341 -0.988708 -1.02272 0.175787 -0.0879849 -0.929525 0.528275 
0.911435 0.0242568 0.946074 1.45949 -0.30019 1.08066 -2.70373 -1.71571 0.0579852 
-2.45671 -1.89385 0.183416 1.9689 3.0762 0.389416 2.22764 -1.95847 0.292367 
-2.88647 -2.03537 0.211798 2.0665 2.35387 0.573138 2.22233 -1.23058 0.143437 
0.730522 -0.11534 0.0219733 2.93408 -1.0323 0.163274 -0.685476 2.02597 0.411695 
-0.837825 3.04207 0.0427259 2.76232 -0.190315 0.270394 2.66527 -0.692901 0.690634 
-1.99527 -1.12799 0.250252 2.40342 -0.839401 0.113529 -0.0621662 1.21792 0.288705 
2.55119 -0.0294342 0.909452 -2.23386 2.01907 0.0430311 -2.17344 1.68254 0.538041 
0.836543 -1.51437 0.0128178 0.18833 -0.0635663 0.0848415 0.892941 0.0257908 0.152898 
-2.85058 -0.490409 0.0482192 -1.85171 0.340266 0.147404 0.231178 -2.55291 0.187994 
2.06742 1.92722 0.135502 0.55913 -1.16902 0.925932 -0.153539 -2.80257 0.0512711 
0.845332 0.740456 0.377209 2.85076 -1.11092 0.439467 -0.901364 -1.64285 0.222785 
0.944945 -0.341225 0.784936 1.8497 -0.800858 0.0436415 2.27158 -1.78532 0.172124 
-1.58638 -2.26758 0.028077 -2.05533 0.323009 0.101321 0.414289 -3.039 0.150456 
-1.46846 -0.166538 0.80813 -0.622303 1.68024 0.113834 1.66366 1.73949 0.150456 
0.423078 -2.75578 0.105899 -2.14267 0.437102 0.293588 -1.20496 -0.401436 0.0408948 
-0.576891 -0.0179289 1.46031 0.952269 0.0361455 0.198675 -1.91745 -0.100191 0.35371 
2.03391 -2.5577 0.376598 -1.2013 -2.66815 0.097354 -2.50194 1.60047 0.0210578 
2.94598 -0.0388301 0.498672 1.57027 -1.4766 0.0259407 -2.66106 0.419652 1.03519 
-1.10498 -2.69021 0.0170904 1.90133 -0.24554 0.489212 2.15329 1.91169 0.510575 
-2.86377 -0.0838921 0.143132 -0.488998 0.0472672 0.46205 -0.710746 2.60909 0.13123 
2.6411 0.02023 0.336314 -2.84802 -2.66259 0.209052 2.21299 2.24304 0.640584 
2.19926 0.870657 0.146489 -2.81964 -0.677561 0.628986 -0.996765 0.0541703 0.0909452 
2.2963 2.00315 0.163579 1.27363 -1.00297 0.639363 -1.17933 -2.1834 0.0766015 
0.549608 -0.887147 0.0262459 -2.30912 0.0277084 0.796228 2.13059 -1.03461 0.446486 
-1.80209 0.0915623 0.330515 -1.69094 0.313996 0.663472 2.77184 0.00604023 0.265206 
0.206091 -1.65339 0.0897244 -0.619373 0.572863 0.23957 2.45744 0.0317352 0.492569 
-1.40345 -1.77247 0.169378 0.477645 1.52281 0.118412 -0.000274667 2.74159 0.53621 
1.21265 -2.36537 0.0183111 -0.0522782 -0.0426651 0.468459 -1.21815 0.286192 1.07242 
1.46901 0.145637 1.06326 0.645192 2.10977 0.0396741 -1.22694 -0.205272 0.0747703 
-1.62026 -0.481972 0.358592 -0.967833 -0.918403 0.019837 -2.49791 2.76058 0.325632 
2.53801 2.68867 0.0811792 1.52065 -1.59242 0.190435 -2.22654 -0.200862 0.925626 
1.84878 -0.141226 0.698569 2.75701 -0.717637 0.355846 -2.05789 0.0593477 0.144047 
0.885617 2.94811 0.20539 -0.228065 2.6323 0.00671407 0.0515458 2.46892 0.132756 
-0.781426 -1.7322 0.0582904 -1.75704 1.38782 0.607318 -1.82095 -0.452826 0.0256355 
1.66988 2.27065 0.0341807 -0.00833155 -0.231159 0.75808 0.888363 -0.543142 0.332347 
1.36335 1.22598 0.0894192 1.90115 -0.381877 0.505081 -0.411725 -1.9184 0.36256 
-0.11948 -0.215051 0.163274 0.687307 -1.56154 0.0265511 -0.638966 2.49289 0.33021 
1.16962 0.146596 0.634785 2.01175 -0.387438 0.88168 0.711844 0.103259 0.679342 
-2.06394 -2.93603 0.22309 -2.98498 -1.31418 0.121158 1.62319 -1.97822 0.0204474 
2.39335 -0.721089 0.171514 2.84912 1.01869 0.574969 0.510788 -2.48522 0.0875881 
-2.83172 0.828663 0.357982 0.957762 -1.03326 0.029603 -0.582751 -2.93201 0.414441 
1.05353 1.00143 0.299692 2.92145 -1.21984 0.917997 -2.58324 2.75214 0.036317 
-0.225867 0.114381 0.907926 -2.95441 -1.32895 0.467544 -0.691885 1.79817 0.756249 
2.63781 -2.00123 0.0665304 -0.178808 3.06969 0.284433 0.951537 -0.537581 0.200507 
-0.8305 -0.0445827 1.19327 -2.06943 2.35253 0.213019 1.8724 1.93163 0.326243 
2.88849 -0.383986 0.633869 -0.708914 1.89289 0.667745 -1.46864 0.415434 0.101627 
-2.33988 -1.937 0.0332652 0.736381 -0.44343 0.317087 0.637501 2.46528 0.43611 
0.386456 0.982065 0.14832 -1.75192 1.93355 0.13245 -1.46828 2.10919 0.281991 
-2.97693 -0.824636 0.208136 0.314493 1.94927 0.311899 -1.63088 -2.96729 0.469069 
-2.05954 -1.97918 0.0344859 -2.7539 -0.994529 0.231025 -1.45473 -2.31188 0.342418 
2.08792 0.745633 0.268258 2.75628 -1.65186 0.386364 0.884152 0.181303 0.187994 
-1.21412 -0.238445 0.219733 -2.45799 -0.516488 0.0726341 0.0896329 1.18475 0.0311289 
1.94565 -0.12627 0.127873 2.83575 1.52837 0.0427259 -0.398175 -1.79376 0.452895 
1.78359 0.935469 0.389416 2.42613 -2.57995 0.260628 1.40437 0.472576 0.994903 
1.68014 -2.816 0.150456 -1.77059 0.943715 0.093997 -2.23643 2.16672 0.0570696 
1.72591 0.120709 0.409558 0.876461 2.26279 0.0839259 -2.65758 -1.02924 0.0613422 
1.80776 3.00679 0.0408948 -1.75137 -0.653783 0.0643941 -0.409345 0.307093 0.277413 
1.27674 -0.0236816 1.48534 -1.08008 0.0741127 0.440382 2.67571 1.75176 0.607624 
1.73104 0.386096 0.426344 -0.191259 -1.39951 0.144353 0.269082 0.12627 0.177007 
1.66933 0.749852 0.265206 1.96341 -0.525692 0.011597 1.27839 -2.45492 0.315867 
-0.676687 0.347745 0.588397 -1.07294 -1.0906 1.01566 -0.594287 -2.29002 0.115665 
-2.77258 -0.957521 0.246895 -1.98849 1.44707 0.0796533 2.74767 -1.60296 0.161138 
2.02182 -0.555606 0.442518 1.14765 1.7021 0.0289926 1.7759 1.53144 0.365001 
-0.888363 -2.62463 0.153508 -0.3773 -1.7021 0.207526 0.749748 2.69634 0.0381481 
-0.928465 1.24362 0.108341 -2.77844 -1.06222 0.307321 0.538255 -1.71897 0.09888 
1.13923 1.32454 0.326853 1.12622 -2.91571 0.25605 0.185217 -0.88197 0.386364 
-1.83193 0.119367 0.36195 1.23115 -0.228858 1.10691 -1.51405 0.414667 0.302133 
-2.09214 0.147746 0.613422 0.16306 -1.48139 0.318003 -2.12546 3.11034 0.511795 
-1.87497 0.0555126 0.914029 1.05774 0.045925 0.0674459 1.69424 -0.758673 0.805689 
1.22126 -1.16289 0.328379 -2.96704 2.26298 0.227668 1.33222 -0.233652 0.250252 
2.83886 0.918595 0.345775 -1.39705 -3.05109 0.231025 2.93646 -0.738347 0.202033 
0.515366 -2.76825 0.105899 -1.3119 2.36902 0.239265 1.85025 -1.89098 0.366832 
-0.886166 -1.12818 0.117801 -2.82604 0.430774 0.820948 2.56584 -0.726458 0.785241 
-1.70632 0.0697024 1.03214 1.49959 -0.226748 0.897244 -1.686 -0.749277 0.373547 
1.23151 -2.57093 0.0961333 -1.68453 0.71572 0.952483 2.68578 -2.36327 0.272835 
1.16651 -1.86241 0.275277 1.83322 -1.19625 0.209967 0.0143742 2.20948 0.0338755 
-1.97769 0.11208 0.209357 -2.8255 -0.0574302 0.31312 2.8786 2.41024 0.491348 
0.699576 2.42539 0.14069 -2.37962 -2.72338 0.281686 -0.258827 -2.32472 0.332347 
-0.236488 -0.103451 0.30549 0.202246 -2.41044 0.172735 -2.44829 2.2835 0.797449 
-0.707999 -0.209491 0.0845363 1.8583 -1.98398 0.514237 -2.99835 -0.416776 0.00396741 
-1.24122 0.263949 0.530717 -1.35731 -1.45033 0.520341 1.02808 0.534896 0.0271615 
-0.387371 0.757138 0.272225 -2.73705 -0.527801 1.36784 0.92114 3.09864 0.23011 
-2.97638 -0.0677848 0.0421155 -0.31962 2.87084 0.12299 -1.2533 -3.06853 0.0286874 
-1.21375 1.60277 0.0302133 2.08591 1.27161 0.109867 2.10495 -0.743908 0.968963 
0.496506 -3.07716 0.0805689 -1.70339 -0.878135 0.0524918 -1.85427 1.33585 0.885952 
1.33753 -0.173441 0.715049 -0.700674 1.03882 0.339366 -1.90097 1.69961 0.0262459 
-1.20093 -1.60526 0.222175 2.41441 2.99739 0.426344 -1.96872 1.39184 0.137944 
1.94931 -0.0812076 0.510575 -0.493576 0.0654838 0.483718 -1.17383 -0.169031 0.176397 
-0.813105 -0.00258867 2.51473 1.24378 -2.16116 0.0915555 -0.554369 -2.06988 0.122379 
-1.83395 0.06069 1.02664 2.20969 2.84399 0.108036 -2.76727 -0.387438 0.153508 
1.43751 -0.369605 0.3296 0.735282 2.48388 0.438246 2.54259 -2.32875 0.109256 
0.901547 1.21409 0.108951 2.57097 -0.42483 0.447707 0.919126 0.236336 1.16214 
2.76562 -1.77209 0.199591 1.74313 1.64151 0.659505 1.85519 -1.99222 0.244758 
-2.45689 1.18647 0.346995 2.67205 1.6137 0.276193 0.55858 1.77266 0.0158696 
1.40327 -0.00201341 1.89489 1.73269 0.58782 0.449538 0.44084 -0.630198 0.0540178 
-2.24247 1.10191 0.393384 1.81088 1.80104 0.0930815 -1.02771 -0.93662 0.144963 
-0.129002 -0.453209 0.397961 2.81817 2.79663 0.377514 -1.43312 2.59145 0.17304 
-1.13465 2.92529 0.105899 -1.55654 1.75349 0.0708029 1.23591 -1.76193 0.701926 
2.15952 0.0950138 1.24699 0.311747 -2.78723 0.219428 1.05829 0.606804 0.75808 
2.7918 0.048993 0.218207 1.97952 0.191274 0.287484 -1.12989 2.48982 0.41261 
-0.716056 0.200286 0.297861 2.36241 -2.56595 0.404065 -1.00922 -1.57688 0.0921659 
-0.280618 0.12301 0.708029 -0.622303 -1.3044 0.564592 1.18574 0.64362 0.179754 
1.07111 -0.227132 0.497452 -2.94855 2.23096 0.292978 -1.68892 -0.278138 0.0674459 
-1.89914 0.181686 0.114444 -0.228248 0.32857 0.47029 -0.0497147 -1.93144 0.200201 
1.89309 0.476795 0.133061 -2.32139 -0.793188 0.226447 2.70501 0.246883 1.6245 
-2.54772 0.624253 0.524613 0.658742 1.33604 0.0515763 -2.70922 -0.104602 0.0149541 
-1.48128 2.07333 0.102237 -0.209937 -0.440937 1.00162 -1.57155 -0.957137 0.382702 
2.88812 -0.847646 0.219123 -1.50233 0.654742 0.305795 2.83227 2.59529 0.12299 
2.85607 -0.304025 0.243843 -2.78979 -2.31168 0.0625629 1.38588 -0.0911788 0.254524 
2.04599 1.01524 0.457472 -1.08209 2.04457 0.0512711 2.0253 -1.01601 0.0369274 
1.52248 -0.383411 0.256661 2.19156 -0.20719 0.419935 -0.294351 -0.0139021 0.104068 
1.05756 -2.19663 0.133976 2.16245 0.841318 0.0238044 -0.402387 -1.73278 0.287484 
0.733818 0.615433 0.498978 2.4265 -2.08503 0.196844 0.979553 -1.51591 0.319834 
1.51021 -0.581876 0.159307 2.16721 0.747167 0.469375 -0.512253 0.565769 0.268563 
-2.05606 -1.1255 0.184332 1.33241 0.877368 0.491348 -2.45213 -0.749085 0.803247 
1.99783 -0.213901 0.471206 -1.16431 1.21792 0.229194 -2.40123 0.308627 0.43733 
2.13498 0.185138 0.377514 0.344157 -0.200095 0.179449 2.69604 0.824444 0.0274667 
1.06214 -0.261648 0.307627 -0.7893 -1.39549 0.198065 -1.98062 1.45972 0.868557 
1.16028 0.409106 0.505692 2.19504 -0.729142 1.01474 -2.14542 2.58397 0.132756 
-2.05899 1.48024 0.0683615 -2.14322 -0.19415 0.373547 2.65502 -2.24284 0.567949 
-1.78909 -1.51897 0.0457778 -0.979919 -2.05109 0.241096 -1.1634 1.29999 0.217597 
-1.26722 0.215627 0.33021 -1.33241 -0.126845 0.855434 -2.57244 2.47659 0.185553 
0.672109 -1.87506 0.00244148 -1.01288 -0.817541 0.220344 1.03504 1.03978 0.580462 
-1.34065 0.0810158 0.55208 2.92932 -2.71686 0.198981 0.686026 2.56557 0.0106815 
-1.96304 -2.32549 0.052797 0.469955 -0.346978 0.39491 -1.07404 2.109 0.458693 
2.52977 -1.34103 0.34608 -0.799371 2.05243 0.228278 -0.765679 -3.06201 0.147099 
-1.21064 -0.137583 0.683615 1.34303 0.193192 1.33457 1.3509 2.137 0.571306 
-1.51094 1.91955 0.138249 -1.64406 -2.23671 0.285958 -2.68871 1.07545 0.854823 
0.403668 0.462797 0.600299 2.72954 -2.53584 0.289926 -2.07877 0.201629 0.828272 
-0.790399 -0.423296 0.283517 -0.474166 0.404696 0.878933 -0.577807 -2.79855 0.349742 
0.874996 1.71514 0.0192267 2.8526 -2.52127 0.227668 0.557848 1.14966 0.282601 
-1.5981 0.285042 0.111393 0.998962 -1.40584 0.178838 1.11048 1.20738 0.900296 
2.29392 0.562317 0.28077 -1.14747 -0.963273 0.846889 -0.958678 0.566919 0.146184 
1.76968 0.327611 0.0518815 2.29008 1.9882 0.0677511 2.34446 -2.78455 0.553606 
-0.216346 2.77132 0.0534074 -1.09729 -0.67315 0.5768 -2.33348 -2.29462 0.289926 
-1.52632 0.609488 0.140996 -0.464644 -0.0215723 0.401624 0.731254 -1.8137 0.227058 
-2.45744 0.263949 0.0662252 0.985046 0.0595394 1.03214 1.09583 -2.42616 0.573443 
-2.19614 0.286192 0.705893 -1.09583 -1.20584 0.524918 -0.357158 0.62713 0.910672 
2.614 0.192233 0.757469 0.17954 -2.13796 0.0970489 0.554918 2.46835 0.0546281 
0.915647 0.0108341 1.00589 -1.63234 -0.0907953 0.589923 -2.9729 0.354264 0.769372 
1.31355 0.0288589 0.518509 1.79037 0.569604 0.28077 -2.73577 -1.89577 0.680868 
1.79897 -2.68963 0.101321 -1.97183 0.257621 0.300607 1.7748 -1.76461 0.291147 
-2.62517 -0.441896 0.152898 -0.755791 2.63345 0.153203 -1.51955 -0.946399 0.79928 
-1.08557 0.241322 0.850246 2.30052 0.104602 0.0204474 -0.120945 -0.147171 0.00305185 
2.88446 1.00105 0.269173 1.65615 -1.33853 0.376904 1.56148 1.20277 0.327769 
1.44575 -2.20929 0.0982696 1.19544 1.47679 0.398267 -1.70083 2.70267 0.0711081 
-0.297098 0.0509105 0.375378 -2.51915 -0.965958 0.0628681 -1.61641 1.29271 0.524613 
-2.67736 0.584944 0.0399792 1.78561 -0.00239692 1.60405 -1.00793 -0.0534033 0.814539 
-1.89547 0.759631 0.0552385 0.0956755 -1.61466 0.324107 -2.90625 1.39683 0.0201422 
-0.289041 0.349471 0.0152593 0.508774 3.09979 0.28779 -0.410077 -1.14506 0.0762963 
-0.35844 0.170373 0.775781 2.89691 -2.33757 0.177618 -2.10331 0.129338 1.00223 
-2.01852 -0.255511 0.284738 -1.65175 0.666823 0.0817896 -1.23884 -2.69059 0.0753807 
-2.79894 -2.99893 0.100711 1.14325 1.25474 0.86581 -0.089816 1.29117 0.169073 
-2.23276 2.0718 0.171819 -1.25861 -1.12032 1.04678 -0.983581 1.65665 0.272835 
-2.92822 2.65972 0.0384533 -2.91925 0.918403 0.168767 2.02823 2.23287 0.18952 
2.80737 0.637293 0.0506607 -0.703604 -0.129338 0.136418 2.39152 -0.630773 0.730613 
-1.25019 -0.780916 0.0564592 -1.61605 -0.456277 0.729698 -0.74572 -0.574973 0.0833155 
0.929563 0.135282 0.917386 1.26191 2.1926 0.0433363 0.969298 -1.21025 0.540483 
1.26044 -0.109587 0.84109 -0.948424 -0.492519 0.0177007 -1.98996 -0.923005 0.282601 
-1.37434 -0.0094918 0.909146 1.23975 0.162128 0.338145 -1.68032 -1.82175 0.566729 
-2.7431 0.500572 0.314951 1.2555 -0.531445 0.607624 -0.675405 -0.272386 0.890835 
1.98502 -1.3905 0.011597 1.99435 -1.55464 0.213935 1.88137 -2.63786 0.342723 
1.15406 -0.0558961 1.37669 -2.35234 2.20833 0.0518815 2.09818 0.147746 0.0680563 
-2.82495 2.97419 0.00244148 1.37727 -0.332021 0.715049 2.31407 2.03882 0.356761 
-2.99359 0.44669 0.290231 -2.45891 -1.35234 0.176702 -2.89819 -0.118216 0.336314 
-2.59258 -0.301724 0.670797 -2.04288 2.19721 0.344249 1.4485 -1.53259 0.47029 
0.979736 -0.00105464 1.77343 1.79843 2.00296 0.500198 -2.0958 3.0555 0.0369274 
-2.08829 -0.0146691 0.778832 -2.64605 1.43901 0.426038 -2.1597 -1.85205 0.206 
2.58855 -0.234994 0.192877 -0.0735191 -0.636142 0.209662 1.05573 2.41216 0.27955 
2.15201 -2.03402 0.302744 0.504746 -0.218503 0.236518 1.52687 1.94793 0.00457778 
0.461715 0.0277084 2.00903 -1.2284 -2.52069 0.137333 -2.78503 2.75368 0.177923 
1.23939 -0.219845 0.226753 -0.219642 -0.239788 0.199591 0.838191 0.215819 1.8009 
0.477645 0.315914 0.469375 2.22855 -1.04975 0.0830103 1.24873 -1.79932 0.341197 
0.851009 0.626746 0.029603 1.50508 1.68868 0.277413 0.126621 -2.48522 0.404981 
2.89526 1.80622 0.110782 2.46367 0.272578 0.237129 1.97439 -2.97208 0.324717 
-1.82754 -0.033461 0.196844 2.94232 -0.00488971 0.357067 1.5591 0.111888 1.59551 
-0.196753 -0.457811 0.559099 -2.10459 2.602 0.335093 -1.26997 0.751386 0.335093 
1.02185 0.403353 0.426038 -2.48711 -2.21792 0.184637 2.13901 0.775355 0.653096 
-0.0515458 2.25243 0.0631733 1.77389 -1.32415 0.437025 -2.31114 -1.40507 0.318308 
-0.65746 0.309778 0.171819 -1.35841 0.271044 0.610675 1.19361 -1.90958 0.149541 
-0.412091 0.0378713 0.798669 -1.36464 0.17229 0.37141 2.19761 -1.50383 0.625324 
2.08591 0.35599 0.0393689 -0.907041 0.155608 0.521256 1.46059 -2.93776 0.273751 
1.52193 -0.694243 0.378124 0.566637 -0.55503 0.237739 2.52776 1.57899 0.213935 
1.06269 -1.22329 0.00396741 -1.37342 0.662796 0.198981 -0.280251 2.10843 0.0433363 
1.11689 -0.163086 0.810572 -1.52504 0.629047 0.729087 -1.18262 -0.617925 0.377209 
2.71618 -3.12223 0.0924711 2.46367 1.70267 0.255135 1.00995 -1.38302 0.474868 
0.389752 -1.86336 0.125126 2.6433 -3.11456 0.286569 0.183935 -2.30555 0.0021363 
2.47044 -0.464523 0.0866726 -2.38786 -2.23978 0.187384 -2.99506 2.58033 0.752586 
-0.155919 -0.0718117 0.0946074 -1.64901 -1.09136 0.276193 0.966185 1.84994 0.567034 
-1.27876 -2.08599 0.0308237 -0.0618 -1.42943 0.415357 -0.921323 -1.86873 0.00976592 
-0.538804 -2.97458 0.069277 -0.336283 2.50555 0.3708 -1.7228 -2.4135 0.0781274 
1.68215 2.46911 0.131535 0.0160222 -1.18552 0.70864 1.10627 -1.12281 0.167852 
0.367412 -1.058 0.0747703 0.754326 0.0808241 0.88229 1.5862 1.19894 0.621357 
1.37873 1.69136 0.249031 0.6245 2.65607 0.126957 -0.228248 2.42309 0.127873 
0.698111 2.51207 0.237129 -2.09708 0.064525 0.0320444 2.58086 -2.73642 0.191656 
-1.33827 1.16251 0.0817896 1.52101 1.89903 0.146489 -2.01523 -1.46433 0.699179 
1.92642 0.357908 0.500198 0.862545 0.740264 0.0766015 1.01379 -0.682355 0.0885037 
-1.95279 0.282932 0.576189 2.11393 -0.89731 0.171209 -0.0630818 -1.33355 0.317392 
-0.534043 -1.31533 0.0338755 -1.05023 2.73699 0.138554 0.839839 2.54447 0.0183111 
0.776666 2.36154 0.0146489 -2.13169 -1.19204 0.603351 -0.169652 0.297889 0.0762963 
2.34721 -2.48982 0.0320444 -0.55327 -1.62118 0.249336 -2.80956 1.92856 0.0628681 
1.24781 0.198561 0.0805689 1.5569 -0.666056 0.305795 -0.715873 -0.567111 0.0790429 
-0.883419 -1.92588 0.215155 -0.856136 1.75023 0.643635 0.312296 0.456469 0.0286874 
-1.50874 0.865671 0.037843 -0.987793 -0.255128 0.0799585 -1.38276 -1.54141 0.14893 
2.58489 0.837483 0.397656 1.27015 -1.74467 0.0921659 -0.0110782 0.403162 0.233161 
0.0451369 0.531636 0.144963 1.09217 -0.0932881 1.27171 -2.1478 -0.0687436 1.30131 
0.619556 -1.44055 0.101627 -2.33586 1.37823 0.625629 -1.04547 1.6137 0.0433363 
-1.59865 -2.12223 0.13184 -0.0346995 0.724157 0.631733 -1.34394 -0.0104506 1.56682 
-1.378 1.43019 0.225532 -2.08426 -2.05934 0.200507 2.08701 -0.144103 0.734275 
0.743339 0.142569 0.348827 -2.83081 -0.0545539 1.74688 -1.79458 0.0618405 0.703146 
-1.12769 -1.0371 0.0454726 -1.25825 0.135282 1.45848 -2.59111 -2.09232 0.187689 
-0.728507 1.22444 0.00122074 1.89401 -1.92262 0.270699 1.76876 1.11131 0.177007 
2.47374 -1.65972 0.209052 -2.32524 2.22731 0.0778222 0.734001 -0.515146 0.24659 
2.9046 1.47564 0.24781 -2.00204 -1.30076 0.0302133 2.23093 2.8996 0.259713 
1.83981 0.0363373 0.0250252 2.05405 -0.0346115 0.382702 -0.83581 1.05781 0.120853 
0.447432 -2.54697 0.0949126 0.874813 1.10536 0.239265 -0.609302 -1.14659 0.374462 
2.10276 0.288685 0.147099 -0.207373 -0.168072 0.764183 1.60488 0.323967 0.51088 
0.644642 0.729334 0.11475 -2.02603 -0.657235 0.489517 -1.19526 0.594723 0.0408948 
-1.87881 -1.51418 0.299692 -0.0548418 -2.64284 0.227973 1.18757 1.62981 0.0561541 
-2.4069 1.44937 0.236518 -1.8583 -1.75272 0.343333 2.30985 2.76326 0.212409 
-0.724113 -0.0698941 0.116886 -1.47816 0.0140939 1.15787 2.09433 -0.176126 0.0170904 
-0.496139 -0.994529 0.0238044 1.70907 -0.337007 0.284433 -1.1861 1.63134 0.328379 
-2.60503 -0.413516 0.176092 -2.15513 2.0975 0.177618 1.95022 -0.741031 1.06204 
-0.753044 0.0355703 1.66173 0.237587 -1.23652 0.146794 -0.528916 0.0624157 1.94128 
2.37175 -0.221571 0.900601 -1.38606 2.50708 0.140385 0.825007 -0.567686 0.207221 
-0.152257 0.29367 0.518815 1.53731 -1.06049 0.00793481 2.59587 -0.365961 1.21189 
-2.41862 -1.35311 0.300913 1.36006 1.64457 0.121464 0.023896 2.31897 0.426038 
-0.939634 -0.143144 0.728172 2.92712 0.369221 1.33824 -0.97589 -2.74409 0.085757 
0.900998 2.53987 0.0650044 -1.35768 1.55407 0.0808741 -2.04563 -0.17555 0.375378 
-0.0795618 0.188781 0.65157 -1.4344 -0.748318 0.66744 2.21683 -0.703639 0.303049 
-0.214698 0.0447744 0.0485244 -2.8189 1.28638 0.112003 2.14084 -1.5161 0.35493 
1.85684 1.44803 0.131535 -2.37687 -1.33125 0.472121 -1.25495 -2.3391 0.227668 
-2.11081 0.119367 0.0967437 1.19178 1.49616 0.326853 -1.71529 -2.75483 0.817591 
-2.23862 -0.624253 0.0161748 -2.7539 0.435568 0.248726 -2.41917 -0.722623 0.492874 
1.43532 3.12951 0.0317392 -0.809442 -0.119558 0.279244 1.2284 -1.77861 0.656453 
2.44682 -0.160977 0.493179 -2.77789 2.05128 0.299997 1.29102 -1.64131 0.317698 
0.486435 -1.21313 0.116581 -1.68654 -1.70919 0.225227 0.183203 1.6392 0.193182 
0.548692 -1.23403 0.0778222 -2.61547 1.98436 0.170904 2.33421 1.94889 0.430921 
2.07767 -0.0108341 0.407117 -2.21757 0.458387 0.22248 -2.34648 1.56921 0.111087 
-0.708914 2.85435 0.18952 0.32841 -2.94811 0.335398 -1.86709 -0.860877 0.293893 
0.0821253 -0.840935 0.312204 -1.42396 1.29616 0.0799585 0.396527 2.63498 0.2472 
-0.629627 0.168072 0.120548 1.81875 0.153307 0.70925 1.91507 -0.919362 0.839259 
-0.950804 -1.14141 0.132145 -0.811823 0.413133 0.0427259 0.835444 -2.16346 0.236518 
-0.243446 -1.27296 0.112613 1.58309 0.570754 0.54445 1.40126 -1.41351 0.487075 
0.89642 1.36289 0.126041 1.7792 -0.408147 0.385144 1.21009 1.2511 0.229499 
2.01999 0.966917 0.257271 -1.05719 -2.91552 0.386364 -1.5754 0.92569 0.195318 
-2.987 1.55368 0.191351 2.35508 -2.6764 0.187384 0.206824 3.04188 0.0570696 
-2.09507 3.03402 0.00640889 -1.89236 -2.61178 0.395825 1.09601 -1.19184 0.0631733 
2.96246 1.98244 0.0967437 2.18442 -1.6114 0.169378 -1.54884 0.562125 0.0665304 
-0.491012 -1.50574 0.194708 -1.17347 -3.11475 0.156255 1.94455 2.17017 0.192877 
1.74825 -0.348512 0.0500504 -0.684011 1.18111 0.504776 2.09177 -1.73144 0.0454726 
1.39888 -1.42866 0.116581 0.239601 1.66739 0.191046 2.30985 0.966533 0.0555437 
-2.90936 3.0367 0.0558489 1.75484 -0.202971 0.429701 2.33311 -3.06297 0.281686 
-2.65447 1.9928 0.16419 -2.80023 -0.0395971 0.143437 2.64916 0.680245 0.169683 
0.664785 -1.18667 0.172124 1.51534 1.01217 0.661336 0.219825 -1.03461 0.0732444 
-0.523789 -0.0208052 1.854 -2.53215 1.14237 0.524918 1.88009 -2.17535 0.383312 
0.0445875 0.747743 0.124821 -1.35676 1.78992 0.0454726 1.03851 -0.449758 1.48595 
1.68984 2.74505 0.0128178 2.33366 -0.193383 0.41139 1.55782 1.15388 0.26429 
1.24268 -1.91073 0.0125126 -0.551256 -1.23039 0.0970489 2.88574 -0.0213805 0.830103 
-0.200964 2.06892 0.0930815 -1.61861 -2.59759 0.534379 1.59151 0.829046 0.0759911 
0.57799 -0.106327 0.25605 2.55522 1.46413 0.138859 2.3148 -2.12894 0.578631 
2.23899 2.76767 0.0961333 -1.52303 2.71782 0.0140385 2.77844 -0.52435 0.110172 
-2.26646 -0.828279 0.0256355 0.211219 -0.169222 0.226142 2.24265 0.331062 1.23112 
0.00924711 2.3182 0.121158 1.12732 -1.12607 0.133061 2.67956 -1.50709 0.415052 
-0.597766 -0.062991 1.37852 0.118564 1.07046 0.108646 -2.58708 1.80277 0.657064 
-0.984497 1.42061 0.308237 2.0903 -1.71303 0.149846 -2.28056 -2.03057 0.662862 
0.541917 0.00488971 2.11737 2.60942 -2.2114 0.0875881 -0.107761 1.42943 0.0061037 
2.3549 -1.00968 0.103458 -0.309183 2.02885 0.0598163 2.51915 -2.25071 0.26368 
1.84677 0.691559 0.270394 -1.35054 0.778998 0.308237 1.51442 -0.951193 0.150761 
0.105564 -0.42272 0.0704978 0.469588 1.39376 0.00305185 1.16962 0.299423 0.992157 
2.59386 -3.1182 0.0540178 -0.126988 1.5324 0.309763 -2.94946 1.90574 0.0604266 
-1.60707 -1.40277 0.316477 1.64571 -3.11398 0.0021363 -1.3564 -1.82405 0.101627 
-2.23002 -0.777656 0.000305185 -1.94436 0.355607 0.388501 -1.96762 -2.04611 0.35371 
-0.28721 -0.878902 0.0204474 2.10532 2.28004 0.0473037 2.91925 -0.0236816 0.702536 
-0.518113 -0.0135186 2.12073 1.69021 0.612748 0.911893 1.44722 -2.92587 0.167547 
-1.7369 -1.81428 0.171514 1.54024 2.02175 0.0949126 -2.42503 3.09864 0.172735 
-1.53218 0.033461 0.245979 -1.02167 -2.99049 0.159001 0.626698 -1.37612 0.220649 
-1.33772 0.765 0.106815 -0.386456 -1.23691 0.213935 -2.03262 0.540265 0.949736 
-2.18992 -2.99548 0.191046 2.12436 2.94735 0.02472 0.320719 -2.5951 0.0665304 
-2.91046 -0.959438 0.315561 -1.58968 -0.282549 0.0619526 -2.33201 2.15981 0.320444 
-2.04251 0.513803 0.657979 -1.85189 -2.5579 0.200812 -0.334819 1.58072 0.00122074 
-2.25309 0.296547 0.551775 1.00317 0.189932 0.232856 -1.44063 -3.04514 0.14832 
0.919858 0.209682 0.582598 -1.5862 -1.8555 0.220954 -1.72793 1.68484 0.656148 
1.48824 -0.0580054 0.199591 -1.96121 2.83881 0.201727 1.47597 2.15828 0.225837 
-1.96011 1.79836 0.12421 1.68691 1.29827 0.141606 -2.98132 -1.18897 0.363475 
-0.267251 1.71552 0.259713 -0.614612 -2.20718 0.255745 -1.08063 -1.79337 0.408338 
-0.540269 -1.38954 0.175787 -2.73577 2.51456 0.345164 -0.0281075 -2.48234 0.498367 
-0.390118 -0.963465 0.0326548 -2.00113 2.22079 0.356151 2.64678 2.04304 0.019837 
1.764 0.176509 0.439467 -1.74953 -0.132406 1.7597 0.948057 1.22559 0.266732 
1.84805 -2.04189 0.0552385 -1.74715 0.284658 1.04709 2.97967 -1.38225 0.442518 
1.25385 -0.159635 0.294198 -2.52739 -0.11208 0.391247 -1.18409 0.00853303 0.599689 
1.40217 -0.86337 0.146794 -2.58892 -0.0181207 0.79165 -1.11066 -0.592231 0.0811792 
0.332804 2.79394 0.136723 1.04602 2.23805 0.179449 -1.11286 2.31053 0.135807 
-0.0976897 -1.73527 0.150151 0.36906 1.87238 0.51973 -2.24558 1.37669 0.297861 
-2.12107 -1.84131 0.0457778 -1.70833 0.948125 0.0555437 2.17728 -1.19434 0.636006 
0.687307 1.93278 0.223701 -1.7955 -2.61523 0.214545 -0.454756 -2.26049 0.0402844 
1.02332 2.02156 0.15595 -0.790948 -0.764425 0.323496 2.11338 -2.88675 0.509354 
-1.97732 -1.9717 0.0189215 0.918027 2.16288 0.201117 -1.83432 -1.79683 0.842921 
-0.538438 -0.0840839 0.475173 -2.06064 -0.192425 0.657674 1.84951 -2.65761 0.0814844 
-1.77206 0.54621 0.324412 -2.18992 -0.873725 0.292367 0.875729 -0.301532 0.0231941 
1.86691 1.23422 0.241096 -0.726127 2.73162 0.0357067 -1.21558 -1.32319 0.693991 
1.79897 0.164812 0.437025 -2.37797 -0.136049 0.144353 2.72863 -0.618117 0.169683 
1.40803 1.16902 0.281381 -1.87259 -1.09578 0.358898 -2.3245 -2.97362 0.502029 
-2.79455 1.77266 0.150761 0.733451 -2.04016 0.150761 0.786187 3.0181 0.319224 
-0.071688 0.739497 0.341502 -2.17362 2.89615 0.109256 -2.77239 1.37056 0.164495 
-1.89785 0.260689 0.464797 1.81033 -1.82693 0.153203 2.19596 2.78033 0.223701 
-1.07331 -0.415626 0.258187 -1.89895 -1.65167 0.133061 1.93521 0.851481 0.132145 
1.96286 0.19626 0.958281 1.56917 -3.04418 0.116886 1.28974 -2.32012 0.0357067 
2.51091 -1.93815 0.201117 -2.1055 1.53125 0.381481 -0.892941 -2.95674 0.23072 
-1.70724 0.572288 0.220649 -1.0517 -1.1138 0.323496 -2.83026 -0.261264 0.366527 
-1.53621 -2.23076 0.0897244 -1.69478 -1.97458 0.125736 -1.2121 1.65033 0.501419 
-2.69549 1.50536 0.0256355 -0.375103 -1.10671 0.0311289 1.29249 0.207765 1.02725 
2.76434 -1.89309 0.0790429 2.54588 2.52932 0.0769066 -0.56389 -2.70765 0.0744652 
-1.64772 2.2091 0.0735496 -2.06925 -1.81217 0.0729392 1.99142 2.52741 0.213324 
1.67263 -0.169606 0.596942 -0.211585 1.47315 0.308847 0.866573 -1.03269 0.450453 
1.82589 0.132214 0.241401 1.79202 -0.675452 0.515458 1.04456 1.52933 0.17365 
1.46205 -2.7949 0.110477 0.790582 -1.09501 0.126041 2.00699 0.970177 0.388501 
-0.318888 0.114956 0.14893 -2.36021 -0.353306 0.245369 1.3086 -1.93029 0.142521 
-1.69936 -2.52626 0.118412 1.17109 0.494436 0.0231941 -0.687857 -2.23096 0.282601 
-0.724479 -0.299998 0.14069 -1.66823 1.32358 0.302744 2.08097 -2.0486 0.532853 
-2.47172 1.28408 0.11536 1.80648 -1.49769 0.0531022 -2.64238 0.350046 0.451064 
0.862178 0.7278 0.166021 -2.13865 -0.424638 0.835292 -0.0198675 2.50919 0.401013 
2.38768 -0.25858 0.0195318 -2.10257 0.0750715 1.0065 0.198035 -0.237103 0.303049 
0.264687 0.602202 0.445875 -2.27836 -0.467591 0.175481 2.41844 -1.84035 0.788293 
1.00098 -0.169606 0.085757 2.68413 1.70593 0.470901 -0.194372 -0.0679766 0.0061037 
-1.30934 1.2254 0.295114 -2.03775 -1.29405 0.265816 1.74642 -2.99682 0.160527 
2.23331 -2.58378 0.0592059 -1.20405 0.300957 1.26438 1.71987 -3.06201 0.325938 
2.08719 0.434801 0.389721 1.13153 -1.9997 0.204169 -2.29392 1.7742 0.297555 
2.07089 -0.891941 0.333872 0.0779138 0.71361 0.254219 -2.07401 0.993571 0.235908 
-0.253151 -0.0810158 0.365307 2.74969 0.234802 1.04587 2.86157 1.09693 0.27955 
0.957579 -0.962123 0.262764 2.33201 1.42156 0.599384 0.946043 -2.17707 0.426344 
-0.927366 -0.101725 0.140996 -1.29835 -1.2346 0.29664 -1.91562 -2.02501 0.194098 
-0.603809 1.43882 0.121769 1.34962 -1.48101 0.191351 2.51146 -0.752728 0.60152 
-2.73797 2.43441 0.0878933 -2.51531 2.35234 0.114139 2.44682 -1.80028 0.596332 
-0.906491 1.23403 0.0155644 -2.62627 -0.665097 0.278024 -1.64956 2.39433 0.422376 
0.0909146 0.209682 0.486465 -2.68798 -2.40929 0.327158 -0.274758 1.13892 0.212409 
-2.88501 0.524733 0.234077 1.8984 -2.72798 0.333872 1.07788 0.0240651 0.133366 
1.30055 -0.267975 0.0592059 -2.72112 -0.797982 0.269784 1.3824 -0.462413 0.130009 
0.316324 -2.40219 0.161443 0.322367 1.27276 0.901212 0.41612 -1.42137 0.304575 
-0.669362 -1.75234 0.0112918 -1.0072 -1.1953 0.134281 2.08554 -0.346594 0.489212 
-0.961608 -1.45857 0.01648 -0.719352 0.643429 0.711386 -2.20438 -0.493286 0.0558489 
1.4311 1.45071 0.0558489 -2.54424 1.45531 0.133976 -0.752678 -1.17094 0.0244148 
0.891293 -0.814856 0.06592 1.38844 -2.88752 0.102237 2.21097 -2.41753 0.369274 
-2.9317 3.07831 0.0704978 1.20368 -2.66393 0.0900296 -1.49702 -1.57152 0.444349 
-0.157933 -1.23806 0.0204474 -1.12677 1.60085 0.222785 1.7466 -1.8858 0.401624 
-0.552538 0.489834 0.568865 1.01947 -2.32357 0.0500504 0.911618 -1.37286 0.289621 
-2.3386 -1.14985 0.236824 0.306803 0.885038 0.114444 0.0784631 -2.70382 0.0997955 
-0.376934 -3.03862 0.181585 -0.660939 2.25109 0.595111 -2.60704 -0.435568 0.48677 
-2.33091 0.818308 0.0341807 1.45106 0.0929045 0.453505 2.78027 -3.10458 0.116581 
2.317 -2.51092 0.0830103 0.534776 0.397984 0.996429 1.72262 -1.15905 0.179754 
0.790765 2.25991 0.0982696 -0.346904 2.1602 0.0140385 0.395062 2.4323 0.0021363 
-0.157933 2.61868 0.0292978 1.391 -0.746209 0.297861 -0.126255 2.46202 0.376598 
-1.2458 -0.104602 0.358898 -2.80517 -0.077756 0.643941 -1.93814 1.89961 0.61861 
-1.00061 1.28446 0.131535 0.991638 2.75329 0.386364 0.952818 -0.0242568 0.0357067 
1.40767 -0.562125 0.233467 1.02515 0.298464 1.29551 -1.56569 -0.827129 0.322275 
0.0890835 -0.406038 0.430006 -1.4604 0.467016 0.41963 2.92456 1.71878 0.452895 
-1.60707 2.45396 0.325632 -1.8367 0.822143 0.0772118 2.77093 2.52357 0.0766015 
-1.47139 2.0114 0.347301 -0.209754 -2.93392 0.0772118 1.68966 1.0348 0.0616474 
0.876278 -3.00449 0.0683615 -1.76235 -2.07755 0.21363 -0.204993 2.88042 0.197455 
2.92438 1.21562 0.151372 1.68416 0.889065 0.39491 -2.72259 -0.0165867 0.0872829 
-0.852107 0.00105464 1.35594 2.46019 -0.349087 0.685751 0.678518 2.71091 0.127873 
-2.54094 -0.0583889 0.0552385 2.60778 3.07831 0.0674459 1.66128 -0.636334 0.543535 
-1.19361 2.04534 0.0866726 -1.17328 -2.91015 0.13245 2.79199 1.63173 0.414747 
-0.162145 -0.0672096 1.08066 -0.925535 0.372865 0.132145 -1.53621 0.911308 0.502029 
-0.0645466 0.966917 0.242012 -1.68984 0.166921 0.11597 0.497055 0.151006 0.341197 
-0.41081 0.116874 1.14902 0.67394 -1.98302 0.0540178 -1.55708 -3.07525 0.649129 
-2.19413 -0.749277 0.216376 1.18995 -2.19337 0.0283822 -0.932493 0.291178 0.0210578 
1.77737 -2.85147 0.0473037 -2.92218 1.93911 0.440382 1.32234 -1.28887 0.0637837 
-1.23188 -1.69865 0.132756 0.13889 -2.94102 0.286874 -2.67333 1.08523 0.00457778 
1.77499 -2.12779 0.257576 -1.65175 1.416 0.0866726 -2.57976 2.20315 0.187689 
2.56822 -0.965766 0.0167852 2.27085 -0.0117928 0.527055 -2.05441 -3.08464 0.398572 
-0.928282 0.24113 0.435194 0.29783 0.891366 0.0759911 -2.63524 1.36308 0.00244148 
-2.6021 0.475069 0.489212 0.164159 -1.93911 0.180059 -1.60836 0.370564 0.204474 
0.716056 0.80546 0.557878 0.69097 -1.27775 0.147404 0.293252 -0.296355 0.0671407 
-1.81307 1.24937 0.0653096 0.190344 -0.188014 0.366222 2.53252 2.01293 0.315256 
1.35823 -2.38167 0.0112918 2.47502 1.83288 0.0723289 -1.66512 -1.71552 0.552385 
1.80648 -0.487533 0.337535 -0.224219 2.01312 0.146489 0.162145 0.0656756 0.802026 
-0.246376 1.13892 0.0909452 2.59917 -1.49577 0.0149541 -2.88702 0.113039 0.892361 
-2.97766 0.000479384 0.527665 -1.66659 2.34447 0.163274 -2.53252 0.522049 0.0717185 
2.78246 2.03 0.226753 2.11283 -1.28695 0.23072 0.69042 -2.06298 0.251167 
2.45781 0.698845 0.0155644 -1.65908 -1.61121 0.31312 2.44096 1.35771 0.255745 
2.72625 -1.22981 0.151372 1.08118 0.335473 0.452589 0.516831 -0.8743 0.0448622 
-2.43803 -2.98301 0.112613 2.92566 2.67007 0.0567644 -2.34025 -1.99222 0.309458 
-2.20841 0.520131 0.252693 -1.35035 -0.582835 0.282296 0.761284 -0.625404 0.0744652 
0.177526 -1.46011 0.07416 -1.74697 3.10382 0.149541 1.13666 -0.91917 0.980255 
-0.566637 0.103259 0.759301 -1.66549 -1.23345 0.110782 2.97382 -1.00258 0.547807 
1.17054 1.69251 0.224616 0.344707 -0.608146 0.134281 1.44942 -0.777848 0.285043 
0.435347 0.00373919 1.11972 -1.09693 -0.594148 0.639058 1.28846 -1.91322 0.17365 
-2.69018 -1.67199 0.0668355 0.179724 0.215627 0.0143437 -2.69073 -0.814089 0.351268 
0.616077 -0.0798653 0.426038 -0.0775475 -2.45607 0.168157 0.310648 2.72606 0.432142 
0.726127 2.78436 0.219428 -0.779595 2.58436 0.128788 0.519578 0.424063 0.0643941 
-0.173315 -0.829621 0.160833 0.00283822 2.67928 0.14832 -2.15641 0.758673 0.158696 
-2.70226 0.524158 0.0384533 -1.96323 -0.702489 0.357982 -1.01801 2.37976 0.0546281 
0.310831 0.232693 0.713828 -1.44374 -2.90056 0.236213 0.288858 1.21505 1.22318 
-2.3267 -1.42789 0.00885037 2.38548 -1.04975 0.449843 -1.9667 0.292712 0.162358 
-0.0962249 -1.08753 0.128788 -1.2577 -3.06777 0.0579852 0.537706 0.118216 0.543229 
-2.92914 1.35234 0.186773 -2.99066 -0.187439 0.212104 -0.768242 -1.98129 0.223701 
-2.19138 0.727608 0.169073 2.29264 1.74582 0.26429 1.46516 2.43364 0.0766015 
1.33479 3.00123 0.227363 -1.84146 -2.81753 0.0772118 -2.25639 0.518981 0.0128178 
-0.905759 -0.661645 0.0308237 -1.85153 -1.02176 0.121464 -0.521958 -2.22712 0.111698 
2.04764 -0.447073 0.0238044 -0.0889004 -1.32281 0.303659 -2.33164 -2.12587 0.169378 
-2.6151 0.246307 0.0219733 -0.0645466 -1.39165 0.242927 -0.889645 -0.265099 0.264901 
0.162328 -0.0131351 1.81036 2.97949 -0.00201341 0.0793481 -1.01965 0.775355 0.636006 
1.92441 -0.445923 0.238044 -0.941282 -0.0896447 0.21363 -1.6274 0.311887 0.991241 
2.32798 -1.19721 0.171819 -1.11121 0.92569 0.102542 -1.61934 2.97803 0.435804 
-2.02585 0.0188877 0.421155 2.73614 -0.141035 0.524918 0.728507 -0.651866 0.385144 
0.445418 1.86202 0.167241 -2.13535 0.313805 0.0711081 2.97583 -1.28446 0.56917 
2.80462 -2.13048 0.305185 0.35551 0.611022 0.00946074 0.397443 -2.81254 0.143132 
0.912351 -0.56807 0.664388 -2.77532 0.689641 0.0686666 -1.41591 -1.41102 0.0738548 
1.57375 -2.18762 0.0143437 -2.36241 -1.85167 0.440687 -0.0557573 0.94429 0.0860622 
-2.49754 -0.970752 0.0515763 0.981017 -0.878902 0.04944 -2.29337 -0.736813 0.408338 
0.612781 2.26969 0.112308 1.13318 -2.86566 0.0210578 2.97693 -2.56787 0.247505 
1.73873 -0.988201 0.161748 0.458785 2.64399 0.111087 -1.35621 1.08389 0.499588 
-1.88797 1.24323 0.153508 1.89328 1.27756 0.359813 2.80389 -2.30631 0.145878 
1.30934 0.574973 0.0167852 2.53526 -0.119942 0.184027 1.45253 -2.26221 0.06592 
-0.216346 2.99145 0.180975 1.53475 0.96941 0.162969 -2.51109 2.89596 0.113834 
2.11118 -0.848797 0.0689718 -0.692251 -1.26356 0.382397 -2.99835 -1.91974 0.0912503 
-0.231544 2.7462 0.14893 -0.556566 -0.426172 0.126957 -2.87219 -2.53834 0.17243 
-2.69823 0.649948 0.323801 2.14249 -0.508051 0.126041 1.37086 0.538923 0.184027 
1.98154 -0.318215 0.216376 -2.66216 -2.66317 0.0967437 0.81457 1.63633 0.296335 
-0.132664 0.25973 0.249947 0.332621 0.0604982 0.415357 1.01984 -0.697503 0.884732 
-0.871334 0.511311 0.0976592 -0.380779 -0.563468 0.563677 2.56291 2.22693 0.551469 
0.459517 -1.13854 0.0827052 -2.6975 0.0976984 0.754112 2.04068 1.77861 0.336009 
-0.420148 0.0382548 0.278024 -1.34284 -0.63806 0.0518815 -2.77569 0.406421 0.676595 
-1.86728 0.0976984 0.356456 2.77203 -1.50977 0.263375 0.459883 -0.713035 0.408032 
1.37306 -1.18858 0.0357067 1.17896 0.264907 0.186468 1.13227 -0.253786 0.649129 
-2.45579 -2.79298 0.171514 1.19013 -2.80602 0.00762963 2.97363 -0.772671 0.0567644 
1.3758 1.64457 0.314341 -1.44264 0.306326 0.0418104 -0.371441 2.69251 0.0222785 
2.40471 -0.313229 0.037843 1.74935 -0.506325 0.50264 0.906125 1.62808 0.334788 
2.34739 -1.2858 0.222175 -2.627 1.03672 0.357067 2.0676 1.75598 0.167241 
-1.23994 1.13777 0.33723 -1.87478 -1.17593 0.101321 1.18867 1.86106 0.118107 
1.13923 2.54716 0.127873 0.681997 3.05665 0.0735496 -2.81909 1.22636 0.306711 
-0.969848 0.118983 0.349742 -0.97058 -1.25953 0.265206 2.04343 -0.435376 0.123295 
-2.64092 0.914185 0.285958 2.98663 0.74851 0.15717 -2.98627 -2.27468 0.711692 
-1.86544 0.975546 0.310984 1.33534 -1.47602 0.656758 -2.74364 -0.0988489 0.137944 
-0.623951 2.32607 0.169073 -0.239235 -1.84457 0.614338 1.49574 2.03134 0.00793481 
0.257546 2.30555 0.199591 0.326029 -0.848988 0.101016 -0.659658 -2.10996 0.172124 
-1.61623 0.132022 0.369579 -1.96231 1.11725 0.316477 -2.73595 -1.58513 0.271004 
2.50157 0.819267 0.0549333 -0.157384 -0.831731 0.513321 0.72338 -0.609488 0.32075 
-1.23371 0.0576219 0.386364 -1.46242 1.27257 0.151067 1.66146 2.71053 0.32899 
1.45967 -1.10095 0.0720237 -0.616077 -1.50785 0.373241 1.29597 2.05857 0.12299 
1.38862 0.448991 0.463576 -1.77224 1.7416 0.285043 0.210486 -1.68964 0.0332652 
0.875912 -0.406421 0.206305 2.51805 -1.80929 0.028077 -1.69204 0.22694 0.126652 
-2.94195 -1.10134 0.245674 0.301126 2.62463 0.226447 -0.218909 -1.64323 0.267342 
1.24378 1.08293 0.0796533 -0.13065 0.802584 0.233161 -1.62282 -2.16192 0.694601 
-2.80682 0.144294 0.0354015 1.67354 -2.67506 0.0500504 -1.68618 1.1859 0.533769 
-0.332804 -0.993379 0.174871 -0.548692 2.63134 0.270394 -1.68838 -1.28619 0.09064 
-2.01285 0.334322 0.491043 2.87695 -1.74256 0.245369 0.72924 0.195684 0.751671 
0.315775 -2.40622 0.0134281 1.24158 1.51341 0.0888089 -2.22013 -0.709392 0.665304 
1.71419 0.747359 0.138249 -1.49922 -0.229817 0.0183111 0.103 -2.61983 0.396741 
2.67077 0.48063 0.0308237 1.13025 -0.27833 0.294504 -2.12839 -0.670466 0.419935 
0.206091 0.686573 0.47792 2.95111 -2.30938 0.380871 -2.38932 1.7556 0.0903348 
2.00662 2.11379 0.127262 -2.56145 -1.78858 0.446791 0.660573 1.8114 0.264595 
-1.32765 3.10363 0.121464 1.97238 -2.03019 0.0402844 0.674123 2.54064 0.189215 
0.162511 0.340266 0.610675 0.340129 -2.02003 0.137944 1.95096 1.13834 0.179754 
0.788385 0.819075 0.215461 -2.76782 2.19989 0.221564 0.615894 -1.10076 0.0717185 
1.22639 1.75502 0.163884 0.556749 -0.121092 0.255745 -2.49095 -0.841318 0.236518 
-0.649037 -0.124352 0.647298 -1.96927 0.249951 0.554521 -2.46934 -0.424638 0.223701 
0.0680258 -0.0779478 1.01199 -0.493576 -2.24917 0.0955229 0.598498 1.94237 0.668661 
0.240516 -1.27046 0 1.06543 1.01064 0.572527 -2.1174 0.545251 0.0109867 
1.82516 -1.38283 0.172735 2.241 2.60219 0.225837 -1.0105 -2.98857 0.178533 
-1.85574 2.21025 0.04944 -2.34904 1.20699 0.0802637 -2.33091 -0.673534 0.370495 
2.25858 0.540841 0.275277 0.393597 -2.24399 0.00335704 1.01526 -0.560783 0.252083 
-1.83706 -0.57363 0.00061037 0.187048 -0.109204 1.12735 2.4785 0.0484177 0.333262 
0.751396 -0.351005 0.594806 2.34758 -2.00756 0.05768 1.86966 2.93124 0.32136 
1.73873 2.14678 0.0061037 1.47322 2.19145 0.150456 -2.28788 -0.578041 0.164495 
-2.69567 0.214668 0.232856 1.78671 -2.71072 0.139775 1.69607 0.168455 0.495315 
0.506027 -2.21734 0.0964385 -0.214148 -0.698462 0.0320444 1.41609 -2.57228 0.255745 
-2.08408 2.18321 0.00183111 -1.2295 -1.52128 0.0628681 1.87716 2.20353 0.264595 
0.141453 2.00603 0.0555437 -0.0376293 0.544676 0.393994 1.65029 2.64495 0.219733 
-0.977172 -1.74198 0.0738548 0.694632 0.276413 0.788903 -1.34083 -0.0443909 2.66915 
2.77514 -2.04821 0.0173956 -2.41166 1.07794 0.605792 2.84893 -1.51341 0.121158 
-2.12748 0.362126 0.284127 0.371075 -0.499614 0.786157 -2.58324 1.24918 0.1236 
-2.95367 2.35349 0.0881985 2.39573 -0.909007 0.830714 1.068 2.26854 0.01648 
-0.270363 -1.53451 0.488601 -1.97861 0.263949 0.0567644 -2.89288 2.20699 0.0262459 
-0.42143 -2.24725 0.0643941 1.76858 0.812747 0.0302133 -1.07166 -1.05052 0.451674 
-1.9852 -0.885805 0.163579 -0.646657 0.845153 0.574664 -2.63195 0.40738 0.0851466 
1.9028 1.75061 0.182501 -2.69182 2.02386 0.204169 -2.80755 -1.49098 0.177313 
0.284646 0.562317 0.477004 -1.96011 -2.91858 0.126041 -2.7127 0.434034 0.439467 
-1.36317 -1.30153 0.249031 1.81948 3.08829 0.165716 -1.84347 -0.960972 0.244758 
-1.10004 -1.551 0.333872 0.686575 0.208532 0.097354 1.36061 -2.51379 0.14893 
1.82974 -0.72013 0.16419 -2.9198 2.07564 0.218818 1.93374 2.44572 0.0439467 
2.9414 1.93738 0.0149541 1.35072 -0.577082 0.0793481 -2.21848 2.46528 0.37019 
-0.670095 -2.57745 0.185553 1.34431 2.25166 0.249336 -0.892758 1.82367 0.318308 
0.812555 1.68158 0.376904 -2.52959 -0.941222 0.128788 -2.33036 -0.050527 0.103763 
1.55104 -1.19817 0.021363 -0.300943 -0.992612 0.179144 -1.4496 -1.537 0.40376 
2.83135 -0.995105 0.229499 -2.23002 -1.24918 0.0448622 0.972045 0.552921 0.126347 
-1.1764 0.736046 0.382092 -2.47795 -1.11668 0.180059 0.521958 2.06701 0.0399792 
1.87551 -1.59817 0.184637 0.368511 0.725883 1.03336 -2.44133 -2.81101 0.219733 
0.252052 -1.08868 0.0387585 -1.14344 0.554647 0.457472 0.900632 2.07391 0.412915 
1.13172 -0.295013 0.0305185 -0.315043 -0.267592 0.186773 -1.80136 0.924539 0.767235 
2.76159 0.694243 0.352184 -2.55943 -1.85665 0.249336 0.42436 -0.198944 0.0228889 
-2.07675 -1.27085 0.188604 2.61547 2.06068 0.696432 0.29545 -2.38167 0.00946074 
-2.41459 0.483506 0.112613 -0.0786462 -2.91398 0.235603 2.78173 0.0817828 0.292062 
-1.48476 -0.698462 0.208441 1.7684 0.540074 0.0622578 -0.201697 -2.42712 0.15595 
-1.52852 -0.611214 0.386059 -0.253517 1.66068 0.195013 0.774468 -0.156183 0.120243 
1.76363 -1.75924 0.236518 1.26264 2.05608 0.347606 2.8211 -1.29347 0.191656 
0.084872 2.28637 0.410474 1.34651 2.18359 0.0521867 -1.12915 -0.186672 0.0766015 
1.01105 1.52895 0.238655 -0.206824 -0.656084 0.256355 1.91745 -2.82251 0.216987 
1.99509 2.44629 0.0360118 1.67116 1.15618 0.264595 -2.55705 -0.294629 0.143132 
-1.08539 -1.78206 0.0408948 -1.16779 0.623486 0.518204 -0.541368 0.213326 0.317087 
-0.221473 1.07602 0.0189215 0.934874 1.40009 0.365917 -1.51442 0.421378 0.224311 
0.102451 0.0244486 1.41392 -0.229163 -1.75234 0.232551 -2.09085 -1.01927 0.400403 
2.20841 -1.1464 0.0677511 -1.63454 3.10516 0.242622 0.564806 -0.285809 0.126957 
0.257179 0.826745 0.201117 -0.543565 0.123969 0.254524 -0.0960417 -1.73489 0.302438 
0.175329 0.102492 0.600604 0.181188 -0.216777 1.72857 -0.839839 2.0323 0.00671407 
0.365032 0.888298 0.0860622 1.58052 -0.753303 0.34608 0.679983 0.515913 0.665914 
1.72079 -0.572288 0.0485244 -0.167455 2.38244 0.104373 1.33497 -1.39549 0.0921659 
0.31193 0.804502 0.0894192 -0.847163 -0.80546 0.236213 2.163 2.37918 0.208747 
-2.01028 -2.09519 0.0534074 -1.19141 -0.340458 0.0418104 0.517747 2.34064 0.0372326 
2.70025 -1.11227 0.397961 -2.57317 2.29155 0.220954 2.0015 -0.91591 0.0860622 
2.41185 2.04649 0.109867 0.323649 -1.73451 0.317392 0.0702231 1.82866 0.0796533 
0.480209 0.588779 0.231941 -0.595202 0.231351 0.211188 -1.23078 0.515913 0.292367 
0.772088 -0.30019 0.376904 1.65835 0.530102 0.604266 0.0942106 -1.57784 0.0393689 
-0.0652791 0.0687436 1.12461 -1.27894 -0.710542 0.368053 -1.33735 -0.850139 0.41261 
-0.17478 -0.448991 0.0772118 -0.322916 0.0300094 0.0152593 0.661306 0.862219 0.474563 
-0.777764 1.35426 0.293588 -1.69698 -1.67161 0.380566 1.65963 -0.217544 1.15238 
2.26902 -1.64956 0.497452 1.38404 -0.195301 0.0830103 -0.982299 -0.700955 0.00183111 
2.02127 -0.103643 0.0982696 -2.63414 -0.435568 0.11475 2.5305 0.41716 0.0558489 
0.00357067 -2.62904 0.269478 2.02878 2.04687 0.112613 -1.35273 1.44342 0.153203 
-1.02167 -1.96365 0.213324 0.86108 2.3253 0.182806 -1.38569 -0.673534 0.0628681 
-0.334086 -2.55694 0.125736 -1.93374 2.18762 0.284433 -0.925535 -3.01695 0.176092 
-0.512619 0.276796 0.105899 -1.06433 2.64476 0.14893 -2.45341 -1.80277 0.195929 
-1.34413 -1.13202 0.0491348 1.01379 0.0668261 0.0933866 -0.796991 -0.276988 0.307932 
-0.0372631 0.414092 0.398572 1.97916 -0.149664 0.327464 1.45766 -0.801625 0.0430311 
-1.49611 -0.103834 0.0152593 -0.208289 0.111313 0.365917 2.57646 2.94428 0.00549333 
-0.968566 1.25493 0.0543229 -1.69716 1.92492 0.332347 2.19962 2.08465 0.184942 
1.26557 0.698462 0.26429 -0.805048 -1.30383 0.759911 -0.953001 -1.38187 0.155644 
0.397626 0.306518 0.438856 -1.21009 0.704982 0.501724 -1.41096 0.203355 0.0268563 
-0.654897 -0.613707 0.355235 -2.61437 2.51053 0.0955229 -1.85446 0.224639 0.644856 
0.837825 0.771137 0.226447 -2.92309 -1.51437 0.10651 -0.810907 1.48273 0.377819 
2.47703 0.128187 0.0402844 0.402387 0.230775 0.495621 0.309549 0.0344197 0.192572 
-2.60448 -0.170948 0.0625629 1.1872 0.530294 0.285958 2.52757 -0.264907 0.341197 
-0.426923 1.99798 0.229499 2.57518 -1.68139 0.00640889 2.58727 -2.34639 0.00976592 
0.151341 -0.440554 0.0799585 -0.36082 -3.02807 0.444349 -2.78814 -1.29539 0.0204474 
1.211 -0.916869 0.14069 0.983215 2.41964 0.295114 1.27509 -1.92799 0.269784 
-2.04526 -0.834607 0.0784326 0.116367 -9.58767e-05 0.648824 -1.83963 1.93681 0.519425 
-2.01321 1.49443 0 2.62737 -0.39645 0.44557 -1.32069 1.7671 0.0824 
1.09693 0.395875 0.0265511 -2.16135 1.69481 0.270089 0.00430311 1.77075 0.152287 
1.43953 0.106903 0.161138 -1.68966 -0.377658 0.0869778 2.6856 1.00201 0.450758 
-0.00393689 -0.216202 0.277108 2.98425 0.0284754 0.820338 0.0645466 2.29654 0.0524918 
-1.34944 0.032694 0.0506607 1.11707 -0.964999 0.183111 -1.46937 0.979573 0.141911 
0.13834 -1.72626 0.258797 2.17563 -1.53681 0.12299 0.0198675 0.260689 0.0433363 
-1.26228 0.664905 0.40437 1.55031 0.157717 0.0589007 -2.44188 -2.35368 0 
-0.0722373 -1.51572 0.497452 1.14234 -1.52952 0.07416 -2.00497 1.12914 0.0436415 
-1.46773 0.939113 0.142521 -1.55342 -1.8254 0.194403 2.75646 3.04399 0.108036 
1.3954 -0.582259 0.493484 0.473983 1.62789 0.0311289 -2.13462 2.65607 0.163884 
-0.228065 -2.23748 0.254219 1.27088 2.01964 0.0161748 -0.669729 0.516104 0.302438 
-0.711844 0.380726 0.26368 0.779046 -1.36155 0.325022 2.11686 -2.52721 0.162969 
-0.487533 -1.14812 0.00793481 2.5186 -0.41716 0.423902 -0.734367 0.30786 0.189215 
0.302408 0.00527322 1.3068 -1.5569 -2.61274 0.195929 -0.860347 1.81102 0.47853 
0.556017 0.330871 0.693381 -1.48531 -1.67372 0.0872829 -2.41679 -0.748126 0.108646 
0.10538 0.42483 0.14893 -0.801202 -1.42061 0.376598 1.02313 -0.925498 0.0500504 
-2.77606 -2.25723 0.141606 2.18424 -0.998556 0.190435 0.545213 1.62597 0.0308237 
-1.57192 1.52358 0.190435 0.929014 -0.976313 0.0302133 1.72463 2.05243 0.176397 
-1.84768 3.00468 0.0262459 1.07331 -1.83633 0.298166 0.557115 0.313805 0.38667 
-0.273843 0.31438 0.538652 1.17988 -1.72914 0.127873 1.8367 0.814473 0.231025 
1.18921 0.0890695 0.20661 -0.722282 2.78052 0.0991852 -2.91888 -0.234227 0.0216681 
0.124424 0.382069 0.432447 1.25532 -2.46815 0.182806 0.555467 0.497696 0.937834 
-2.73284 -0.241322 0.166021 2.91119 0.137583 0.547197 -2.29997 -2.00296 0.406507 
0.178259 0.482548 0.487686 -0.0839564 -2.91417 0.357982 2.2725 2.80948 0.828578 
-0.111423 -0.128762 0.286874 0.577441 -1.80526 0.129704 -0.946593 0.79453 0.706503 
-1.56771 -2.37285 0.019837 0.195837 0.932593 0.290231 0.900998 -2.15272 0.448012 
0.0669271 0.34391 0.298166 1.52046 1.48983 0.194403 2.2899 -0.387438 0.25544 
-1.16852 0.271811 0.487991 2.70684 -1.54448 0.137638 -2.20438 2.33661 0.0103763 
0.552538 -0.192425 0.433363 -1.49812 1.27928 0.38667 1.17695 3.0973 0.229499 
-1.30696 2.66643 0.177618 0.383343 -1.33374 0.0582904 1.52559 0.536239 0.0909452 
-0.0694906 0.0478425 0.052797 2.15696 1.35541 0.0936918 1.11213 -2.79989 0.526749 
-1.02625 -0.681971 0.187384 1.08081 0.646305 0.0427259 -2.27525 2.01025 0.428175 
-0.11362 2.78781 0.04944 -1.27345 -2.52894 0.194098 1.33845 -2.29212 0.361339 
0.53386 -0.514954 0.0967437 0.139073 -2.87275 0.278939 1.60927 3.00027 0.0784326 
2.80297 -0.0254073 0.0592059 -1.54317 0.397217 0.143437 -0.552721 0.218503 0.865505 
-2.86212 -1.38053 0.156255 2.82513 -2.68752 0.14771 0.0176702 -0.48389 0.146184 
-1.5038 0.562125 0.426038 1.60964 -1.13259 0.284738 1.00629 -0.699037 0.0430311 
1.391 0.239596 0.200812 -1.01892 -1.5301 0.341197 -2.08719 0.52435 0.189825 
0.323832 1.46854 0.153813 -0.633106 -2.99241 0.193182 -1.00116 -2.27429 0.405286 
1.78396 -0.73432 0.232551 -1.69021 2.27794 0.146794 -0.0909146 -1.56442 0.529496 
-2.9685 1.89462 0.138859 2.34739 -1.49328 0.00518815 -2.10678 -0.86337 0.0241096 
2.42045 -0.0192712 0.0506607 -0.325297 -1.67295 0.234687 -1.55068 -2.00795 0.196234 
0.679434 -1.45972 0.108646 2.50212 0.159635 0.182196 -1.85574 -0.594148 0.0949126 
0.733818 0.187823 0.154424 0.314676 0.655701 0.278024 1.89859 -0.72665 0.466628 
-0.785089 -0.145445 0.210578 1.61055 2.76806 0.192572 2.91284 -3.03958 0.260018 
0.844783 0.484273 0.179754 1.53713 -0.448799 0.410169 2.65795 0.840551 0.273751 
-2.29209 0.166921 0.720542 1.4908 -0.620802 0.354625 2.64422 0.280056 0.433973 
-0.420331 2.69097 0.0970489 -2.75152 0.640169 0.0195318 2.47465 -1.35656 0.546892 
-1.36042 -2.03115 0.338145 2.07199 0.0394053 0.0625629 -1.49629 -1.84687 0.0994903 
1.64736 0.331638 0.0134281 -0.300577 1.81792 0.122379 -1.61476 0.504216 0.139164 
0.64922 -0.318598 0.579546 -1.64241 -2.71398 0.136723 1.38002 0.141993 0.169683 
0.870602 2.04917 0.00061037 0.4597 -1.23691 0.00915555 -2.76782 1.52262 0.492569 
0.371624 -0.211216 0.1236 -0.455855 -2.78186 0.0183111 1.73434 0.647456 0.185247 
-2.45396 1.02579 0.0643941 -0.740593 2.06336 0.0286874 1.44337 1.19971 0.0924711 
0.488815 0.435376 0.216071 0.214331 0.151198 0.350658 -0.779046 -0.80757 0.153203 
0.513535 -1.02559 0.0482192 -0.884701 -0.606037 0.182501 -1.67867 2.69385 0.021363 
2.42906 0.823869 0.00793481 -1.06928 -0.995105 0.14893 -1.48054 2.47582 0.132145 
-0.00814844 1.5602 0.187384 2.77917 2.64438 0.00549333 -0.443037 -2.59836 0.00701926 
0.16068 0.378234 0.726341 -1.21137 -2.95329 0.191961 1.60836 -2.76997 0.119022 
-0.956297 -0.458962 0.108036 2.86871 1.11227 0.0604266 0.345073 -1.00814 0.276193 
0.0220649 1.56883 0.225837 -1.46132 0.882929 0.00518815 0.461165 1.8858 0.0952177 
-0.243812 -0.881395 0.38728 -0.986877 0.134707 0.0204474 -2.13645 -0.812172 0.215155 
-1.55745 0.516104 0.0518815 -2.73998 0.3232 0.262459 0.0264595 -2.12031 0.0933866 
0.0299387 -0.04976 0.522782 2.4503 2.681 0.219123 -2.66033 -2.02214 0.756554 
-1.70394 -0.37344 0.330515 1.64956 0.237487 1.44658 0.33079 -0.766151 0.036317 
0.432783 3.02539 0.0958281 -1.40638 0.942372 0.196844 2.41166 -2.50708 0.0720237 
-0.785089 1.07698 0.011597 1.16633 2.45703 0.0100711 -0.091464 -0.931251 0.18067 
0.656911 0.219654 0.358592 0.466109 1.18801 0.325632 1.82736 -2.67065 0.236518 
0.0760826 0.281015 0.0332652 1.3227 0.115148 0.930204 0.0971404 -2.21101 0.182806 
-2.5197 0.0227228 0.206915 2.12326 -0.260497 0.600604 -1.05097 2.35349 0.365307 
-0.195837 -2.9205 0.00457778 1.36116 -1.28273 0.00061037 -1.88119 0.829813 0.752892 
2.02786 1.7253 0.163884 -2.31663 2.62904 0.161138 -1.30567 -2.97994 0.0863674 
-0.76751 -1.11188 0.306406 1.53145 2.84553 0.0534074 -2.19724 1.40776 0.261544 
-0.103183 -0.53854 0.0735496 0.0731529 -1.22329 0.240181 -2.93554 1.95445 0.618 
-1.37196 0.769986 0.00824 0.945677 0.315339 0.704978 -2.66784 0.269701 0.149846 
-0.924802 -0.831155 0.230415 -1.04584 1.99989 0.193487 -1.56844 -2.91111 0.0488296 
-1.64663 -1.56269 0.11536 1.9288 1.95176 0.137333 -2.33531 0.285617 0.283517 
0.4326 -0.164045 0.570696 -2.73193 0.385137 0.00457778 2.60613 -1.73566 0.466018 
0.192358 0.574781 0.477004 -2.79089 1.43307 0.18067 0.232459 1.92357 0.113529 
0.588244 -0.352155 0.443434 -1.39503 1.30747 0.0714133 2.37193 -0.434609 0.559099 
-0.783258 0.244198 0.439467 -0.72631 0.960397 0.05768 2.33622 0.0794818 0.173956 
0.143284 1.19165 0.0943022 -0.30076 2.3625 0.151372 2.19687 -0.346978 0.0292978 
1.10224 -0.769027 0.0250252 -2.26481 2.72645 0.180364 0.676504 0.514187 0.318308 
0.667898 -0.851481 0.226447 -1.50307 0.636142 0.406507 2.78613 1.81754 0.614338 
-0.979553 0.481781 0.134587 -2.90405 -1.75004 0.102847 1.76913 -0.702489 0.674154 
2.22086 -1.39395 0.209662 0.648488 1.57708 0.564287 -2.41716 -2.35732 0.293283 
-2.03739 1.83594 0.0286874 0.315409 -0.880628 0.645772 0.502548 0.544484 0.154729 
-2.97198 0.0942468 0.397046 2.4677 0.760782 0.334178 -2.24613 -0.0165867 0.283212 
2.14505 -0.708433 0.0927763 -2.34977 0.741415 0.607013 -2.15018 -1.88235 0.330515 
0.760918 0.802968 0.430921 -2.77166 -0.981874 0.154118 -0.882321 -0.461263 0.14771 
0.696463 -1.25225 0.0250252 0.144932 2.48829 0.163884 -1.15186 2.46489 0.0970489 
-0.289956 -2.87026 0.120243 -1.02112 2.13565 0.108951 0.721183 -1.58896 0.366222 
-0.936522 0.223105 0.303659 -1.3097 3.04993 0.0466933 0.272927 0.99242 0.237434 
1.9158 0.347553 0.115055 -2.50121 1.55905 0.11475 -1.48421 0.106711 0.159001 
0.629444 -0.224256 0.229194 -1.64956 0.746976 0.339061 1.24836 -1.24189 0.459609 
0.149144 0.351196 0.282601 -0.807978 -1.63614 0.1648 1.91049 0.127612 0.755943 
2.33604 0.774972 0.116886 -0.886166 -0.107094 1.25401 -2.28166 1.86547 0.0915555 
-2.90625 -2.4973 0.143742 2.87695 2.05857 0.17304 2.11686 1.95943 0.0061037 
-1.20844 -2.08887 0.1236 0.61681 0.105369 0.390637 -1.67867 -1.18839 0.0122074 
-0.57268 0.0338445 0.200812 0.306986 0.953302 0.10651 -1.63894 -0.78897 0.17365 
0.611133 -2.20277 0.0466933 -0.157201 2.3577 0.0384533 2.04892 -0.0522528 0.513016 
-0.030488 1.38168 0.0744652 -0.404218 -1.45915 0.0796533 1.90463 -0.0140939 0.34547 
0.947325 -1.70018 0.0125126 -1.01233 0.562892 0.145268 1.83432 1.49175 0.16541 
-0.624683 -0.618884 0.0824 1.17402 -0.156183 0.174566 -2.81378 1.38494 0.0631733 
2.37632 1.2906 0.0289926 -2.79144 -0.863178 0.184942 2.42137 2.37113 0.0808741 
-0.155553 1.40699 0.0930815 -0.779412 -2.06432 0.122684 0.402753 1.47487 0.43672 
2.03244 2.45607 0.147404 2.80554 -2.26585 0.228278 -1.76107 0.385137 0.562761 
0.218543 0.457428 0.230415 0.86346 -0.523008 0.412305 -1.25239 1.96519 0.0726341 
-2.04764 0.0829334 0.194708 2.89508 0.471618 0.707114 -2.34666 2.40852 0.00274667 
-0.167089 -0.0702776 0.961943 -0.0669271 0.661837 0.557573 1.5331 0.949851 0.356761 
0.549974 2.75617 0.118107 2.25199 -1.50824 0.0817896 -2.55596 -0.667973 0.3708 
-1.50233 0.267975 0.112613 1.8475 0.462605 0.201422 -1.0918 -0.590888 0.154424 
0.622303 -1.6557 0.138249 -0.0596026 0.818116 0.224921 -0.898068 0.150431 0.178533 
1.764 2.44035 0.0457778 -0.994018 -2.00699 0.235603 -1.89163 0.782642 0.542924 
-1.77114 -2.00315 0.166936 1.3639 2.57899 0.173956 -0.455123 -0.434993 0.0137333 
0.209204 0.299998 0.367748 -1.571 -0.790887 0.09064 1.11798 -1.40181 0.32136 
