-1.9521,-0.00266102,6.98038,1.7457,0.771916,0.22695,2.61767,-0.845476,0.978365,
-2.77469,-0.00194364,7.51197,0.781079,-1.22494,0.691382,2.26385,-1.66399,-0.185957,
1.85903,-0.187069,0.464849,-2.97074,0.00435636,9.39172,-1.33886,-0.171902,0.984865,
1.31311,0.000275191,6.98694,-2.10978,-2.42053,0.588174,1.69764,0.550976,0.822561,
1.01799,-3.02387,-3.01133,1.24703,-1.56893,5.69042,2.31394,-0.384946,-1.01278,
2.55414,-9.58933e-05,6.4861,-2.64645,0.732295,0.199901,0.147598,2.04299,0.504125,
-2.20332,0.00586374,3.45322,-1.41587,1.58928,1.23174,-2.80478,-2.22246,0.516517,
-0.891756,-1.13182,-0.925283,-5.8035,1.89043,1.82794,-0.46704,2.20055,-0.831449,
-5.46958,-3.95113,-1.27626,-2.64032,-1.64051,1.47657,-3.77499,3.93419,0.172574,
1.96195,-0.20224,0.559831,2.70696,2.2613,1.64758,-0.280991,0.105815,-1.5085,
2.81143,2.05794,0.730449,-1.34191,0.0222291,0.717671,0.511006,-2.97209,-1.40956,
-2.67088,0.000281638,4.31375,2.58772,0.0699904,2.18673,0.277334,-2.26363,0.614497,
2.79933,2.41921,1.73169,3.39656,0.00508796,-1.83981,-0.539516,-2.0095,0.174654,
2.42071,0.0064197,3.48872,1.40167,1.98263,-0.877003,2.48565,2.57267,1.10802,
2.12902,-1.14629,-0.554241,0.869545,1.60954,-0.340912,-0.67739,-0.358475,1.79769,
1.68564,-0.00167232,6.63269,1.67269,-0.0308708,2.82981,-2.17576,2.05748,0.424513,
2.89382,0.000714341,3.34455,1.28843,-2.25065,0.00976236,-2.33917,1.83425,0.429103,
-3.88547,-0.447644,-0.794077,-7.36788,-1.21935,0.696132,-1.90109,1.31333,0.685957,
0.0674498,-0.819524,-0.192876,-2.37747,-0.452016,-0.35948,1.70413,-0.75075,1.06711,
-3.43466,-0.359988,-0.0683596,-1.30793,-0.551842,1.17176,0.646839,-0.189303,0.161773,
4.09268,0.579034,1.52514,-0.0854133,0.60457,-0.278148,2.94813,-1.53336,-0.732357,
3.54453,-1.41146,-0.249517,-2.22305,0.310408,0.785148,2.66162,-0.851479,0.917123,
1.00085,3.19499,0.0909025,-3.71541,6.21696,-0.161413,-3.24791,-2.22665,0.410333,
3.66036,0.821085,1.06824,1.30299,0.191168,-0.74782,-1.99689,1.19337,-0.0394718,
-2.1785,2.08496,-0.412299,1.3014,-1.19624,-0.348846,1.20412,1.11075,1.25959,
1.23994,0.000174776,5.61296,-1.55557,-1.80728,0.141565,2.6519,2.48521,0.202958,
2.70935,0.00111813,2.73101,-0.0337932,1.70838,0.125302,-1.29746,-1.71502,0.147356,
-6.14639,-1.02714,0.515091,-0.105833,0.360054,-0.457816,1.28925,2.86862,0.472833,
2.96808,-4.38272,0.362166,0.886427,4.11039,0.709434,1.45496,-0.706389,-0.374467,
-0.806639,-2.90364,0.478055,-2.63775,-0.165468,0.737378,3.05482,2.37305,0.954115,
-2.31266,-0.00515642,3.87006,2.74488,4.07393,-0.0545394,-2.32404,2.11084,-0.171931,
6.21373,-0.0540983,0.450083,0.0373156,-0.070085,0.955247,2.76094,-2.32134,-0.5408,
-1.81645,0.00104794,5.09966,-1.03989,-2.2675,0.10008,0.67631,-2.16454,0.396286,
1.5271,-0.77647,1.50035,3.02789,-1.99533,-0.0107272,-0.00781717,0.722406,-0.220072,
5.01234,-2.34336,-0.0122732,-0.442567,2.52486,-0.790292,2.12538,2.72958,0.842296,
-0.180441,-3.3934,-0.295631,4.07285,2.92507,0.192899,3.07649,0.881182,0.729682,
-2.6486,-3.09562,0.13125,-4.23553,2.63916,-0.120956,1.94572,1.56281,0.806932,
2.45819,-1.21987,-0.286307,3.6855,1.60905,0.832093,0.345898,1.37198,0.377386,
-1.15176,0.330136,0.996793,-0.977604,-3.07189,0.174537,-2.61289,2.12023,0.810841,
2.41782,-0.0161044,2.47317,2.53961,-1.92818,0.961086,1.61037,-3.04271,-0.284794,
-1.47321,0.24971,0.505368,3.29904,2.94831,1.01394,0.104684,1.26988,-0.554823,
-1.31601,-1.64843,-0.358801,-3.42346,1.59796,0.736241,1.75467,0.666584,0.47761,
0.0122412,-0.570986,-0.572546,0.194313,1.69246,-0.217497,-2.41518,0.251094,0.971541,
-3.1849,1.11566,0.818691,-5.73769,6.43633,-0.432647,1.57111,3.91344,0.273655,
-2.19548,-0.0189539,2.77772,-1.43922,-2.11637,0.0676866,1.09434,1.90672,0.352136,
-2.69848,-1.26007,0.0686758,-3.21137,5.17529,0.414335,-3.02979,-1.65216,0.402302,
-1.37859,1.60452,0.078789,2.09936,-0.436461,1.40179,2.52994,2.40839,0.768198,
0.486803,-0.0228442,3.52454,-2.71379,-0.0261708,1.15623,2.9734,0.11819,0.349677,
0.784532,1.6658,0.550699,1.21639,1.17307,-0.424498,-0.264803,1.52654,0.47094,
-2.90792,1.41232,-0.463357,1.68596,-2.80706,0.168739,-0.931219,0.834703,2.09202,
2.37602,1.90174,-0.868002,2.35279,2.3847,1.54264,3.01245,-0.653305,-0.0454875,
2.69357,0.356683,0.59987,1.08514,-1.89437,-0.23285,-2.93921,-2.86064,0.0290293,
2.3737,0.0125671,4.71868,-2.61797,0.0382504,0.72069,1.57425,0.16541,0.406504,
-3.66925,2.51859,0.461349,1.7648,-0.10815,-0.0407584,2.51259,-0.0895365,0.147739,
-1.45289,0.0100319,2.55433,-0.380812,-1.45528,0.14504,0.523158,-0.80177,0.452955,
-2.41771,-2.5427,-0.459053,1.65966,-2.49446,0.483107,-2.21418,0.346784,0.0560292,
-2.02592,1.03357,-0.0587567,-3.11155,-2.84646,0.595161,-0.519446,2.89154,0.372978,
2.10933,-0.343094,-0.878625,2.35994,-2.73307,0.570769,2.50942,0.697366,0.836158,
1.81131,1.58892,0.255322,4.87808,-0.0566807,-0.262514,1.55788,0.320165,0.593994,
-2.14741,0.0433988,2.86542,-1.98091,2.31776,0.221642,0.913669,0.924478,-0.00662425,
-1.76658,0.38676,-1.13697,-2.69129,0.427046,1.22779,0.436461,2.26957,0.654026,
-3.49415,1.75553,0.00792322,-0.364446,-3.34918,0.0480585,-2.34556,-2.41002,0.69644,
-1.65187,-0.0614397,1.5806,1.88023,-1.49309,0.190089,1.09956,1.09765,0.233804,
-2.36385,-0.0530102,-0.29564,0.163994,0.874848,-0.918479,1.04048,-0.0772666,-0.118106,
2.91598,-0.234972,0.54729,-2.80183,-3.16638,0.349597,3.51415,-5.13072,-0.078545,
1.13396,-0.628662,0.508435,0.345408,0.435932,-0.609662,-0.281583,0.923801,0.976639,
3.26338,0.470953,0.836087,2.2312,-2.80722,0.939238,1.97451,2.37167,0.217869,
-0.293383,-3.0501,-0.0420631,-1.43585,0.390613,0.412429,-0.696205,-5.41776,0.12774,
-0.421007,-1.39268,0.0737098,-1.35199,1.31262,0.556046,-3.72278,0.358272,0.597765,
-3.10262,0.17729,1.31431,-2.43096,2.85043,0.0805464,2.75352,-2.43587,0.104738,
2.37266,-0.00160717,4.41593,-1.24212,2.58175,0.437428,1.98445,0.372178,0.0252258,
-1.24118,-0.892012,1.00652,-0.216877,-2.31317,-0.313063,2.29346,0.90138,0.306599,
-2.39523,0.226572,1.06138,2.07392,3.17962,0.0800772,-1.39895,-2.18033,-0.0597778,
-1.46671,-0.0288663,4.03463,-1.68617,-0.00996025,1.83938,2.4952,0.352678,0.719639,
4.23066,0.555164,0.0806206,1.38907,-2.74183,0.295725,1.95017,-1.19127,0.479409,
-1.51167,9.60092e-05,6.87377,-0.0236461,-3.13365,0.249406,0.579692,1.34953,0.309089,
-0.86718,0.309886,0.924385,1.10884,2.38564,0.0585943,-0.500301,0.176361,0.591377,
3.33084,-5.08659,-0.0795135,1.90191,-1.92447,0.388558,-1.39685,-1.54279,0.0809037,
-1.22264,-0.0432326,2.77604,2.04703,2.16427,0.554883,-0.199095,1.34439,0.135467,
-0.216923,-0.617546,-0.418623,-0.054597,1.0102,0.0694633,2.95845,-0.0183535,0.581123,
1.41944,-2.63164,0.580773,-1.71503,2.04663,0.7488,2.0665,1.4078,0.351813,
-3.21863,-0.238898,-0.0640659,-0.806514,-3.04186,0.451114,-0.470652,3.45989,0.399129,
2.64862,0.0522933,1.4721,1.848,-0.348297,-0.20301,1.23031,1.04105,0.273796,
0.743622,-0.323715,0.216523,-1.20573,3.01771,-0.412417,0.38476,6.47713,0.322872,
-2.77956,0.665902,-0.705187,-0.357943,0.857261,1.07886,3.0158,-0.193929,-0.0195223,
0.357996,1.86766,-0.531091,2.02863,2.22826,0.504297,1.68684,-2.18371,0.843709,
-2.88322,2.62611,-0.0190745,-1.94658,-0.275198,1.03671,0.958768,2.0872,0.677112,
1.86371,-2.0564,-0.00787033,-0.73433,2.32291,0.653834,0.641723,-0.317689,0.245155,
0.694901,1.30462,0.0214617,1.52553,-0.272826,1.43298,2.41774,-3.06918,0.232379,
2.27108,-0.0514125,1.169,0.453147,-3.04948,0.327865,-2.921,-0.953721,0.117498,
2.42231,1.82539,-0.00284998,-2.45764,-0.183082,1.12889,-2.73379,1.73248,0.845647,
-1.98178,0.00170894,2.67768,-1.54088,0.347384,-0.00650088,1.51447,3.21461,0.286031,
1.7234,0.218523,0.871683,-2.95509,2.33026,-0.0158511,2.1467,0.416359,0.617249,
2.80937,-1.11158,0.105042,1.63883,-1.55676,-0.657624,0.925114,0.0178865,0.859731,
1.41231,2.24466,0.319701,3.6073,1.41249,0.128379,-0.866818,-1.09611,0.683872,
-2.71645,-1.0891,0.255653,1.19669,2.86223,0.35569,-2.32088,1.05844,0.541925,
1.69848,-0.839756,0.282474,2.57101,0.508981,1.18263,-2.764,2.07697,0.200192,
2.27144,0.0616562,0.197478,1.70287,0.114923,1.08342,-2.30761,0.753133,0.451999,
-2.16332,-0.00190597,3.03278,-2.54643,1.17471,0.01253,-0.65119,-1.98996,0.283123,
3.81264,0.404926,0.0476897,-1.41194,-2.01127,0.480393,5.13483,2.0858,0.268718,
-1.98282,0.00304005,2.28199,2.79908,-1.13804,0.18693,2.32179,-2.22202,0.121709,
-1.66011,-0.000327403,2.85449,1.348,1.50245,0.627297,-0.654864,-2.89111,0.0524878,
-2.76177,0.0779368,0.65155,-1.32504,3.01752,0.040181,-2.03517,-0.610581,0.827756,
2.74594,0.0869909,0.0197864,-0.280908,0.321209,1.06162,-2.20725,3.2245,0.170432,
-0.0254149,-0.181631,0.00135134,-2.00225,0.00732356,2.09106,2.16987,-1.23125,0.601567,
1.69791,-0.444343,-0.0862675,0.887804,-1.85266,0.0489936,0.741602,0.773835,1.25071,
-1.15643,2.49009,0.226609,-3.42069,1.56989,0.213896,-0.509266,-0.334162,0.0458191,
1.29303,-0.0893288,-0.231018,1.80178,1.21832,0.752067,-0.30574,1.2529,-0.364888,
-1.33231,-0.440485,0.272603,-0.291503,-0.517628,-0.0355796,1.5982,-1.64643,0.578972,
-2.25793,0.0792357,-0.0650373,2.53491,0.542409,0.368682,1.96497,2.16749,0.551347,
0.339509,-0.375567,0.363651,1.62562,3.01242,0.41657,-1.43648,0.116871,0.384346,
-2.49538,-0.535608,0.757661,-2.94839,-2.46554,0.255268,-1.06343,-0.564357,-0.27111,
-0.468587,-1.80835,0.217122,-2.37271,2.81755,0.00101313,1.88522,2.27086,0.80851,
-2.93303,-0.0132068,1.73591,2.33313,0.751263,0.283317,1.94335,-0.552873,1.1098,
-0.446648,-0.88651,0.106791,-1.62961,2.35258,0.664504,2.49605,2.00247,0.072505,
0.456913,-0.0327081,2.00898,-1.88098,1.25899,0.0212467,2.19235,0.318815,0.700426,
1.04006,-0.018611,1.23391,2.45774,0.37515,0.519748,-2.5782,-0.341447,0.104805,
1.22421,0.0016766,2.13996,-1.26466,-1.72684,-0.0371248,-0.257149,-3.25533,0.351653,
1.70181,-1.57499,0.354409,-0.0297619,1.79914,-0.0141177,1.15401,5.95467,0.194868,
-0.672117,-3.70945,-0.043323,-3.93257,2.3734,-0.211028,-2.93068,1.2728,0.474808,
2.3901,-0.0360498,1.45674,-1.28908,-0.322219,0.341395,-2.80427,-1.4677,0.0826653,
3.46169,1.6323,0.336845,-0.865431,3.13144,0.0302121,-1.42621,-2.73215,0.225573,
-3.75758,1.49267,-0.0260416,0.502756,-0.970192,-0.265349,0.0235942,0.711672,0.763227,
0.280031,0.207422,-0.412957,2.21004,-2.71599,-0.0759733,1.0651,0.211979,0.978707,
1.82412,2.50781,-0.307982,1.43992,2.17025,0.907488,-0.677599,-2.4402,0.100337,
0.177293,0.671613,0.685542,1.4762,-2.8857,0.297185,2.25016,0.221532,1.60797,
-2.88706,1.67476,-0.130483,1.8531,1.38267,0.179616,-0.426446,-0.57807,0.490675,
0.512735,-0.353211,0.604351,2.56976,-0.932968,0.430385,0.639688,-3.02816,0.000407372,
-1.89571,0.00338105,0.614964,-2.18559,-1.38973,0.591221,1.05463,-3.11431,0.329312,
-0.255181,-2.25811,0.0737645,-3.50957,2.02196,0.442992,0.87117,0.911723,0.577534,
-1.49642,4.51927,-0.262942,-2.41932,4.21839,0.464699,0.907521,-1.86682,0.121257,
2.66808,-0.389405,0.142224,0.10007,2.03914,0.156061,-0.566463,-0.696029,0.861942,
-2.20254,-0.0824688,0.892286,2.72466,0.714957,0.311749,-0.646587,-0.0673577,1.29942,
2.88264,-2.09489,-0.177999,8.56487,0.617724,0.03572,-4.69646,-1.02781,-0.155439,
-0.400978,-0.840029,0.191768,-0.803433,0.407658,0.414932,-3.17304,0.273747,1.51997,
2.43833,-2.62482,0.286178,-0.314789,1.22122,0.836433,-0.543189,-0.795197,0.264727,
-2.47489,-1.44192,0.269047,-1.3142,1.52667,0.768843,-0.681904,-0.684543,-0.0098175,
-2.13831,-0.0643066,0.880681,2.03028,-2.3349,0.333384,1.22705,-1.6744,0.0798845,
1.07566,-1.61076,0.100823,-2.84482,0.07649,0.184061,1.76344,2.5527,0.278709,
2.75038,0.502847,0.011019,2.63122,-2.75613,0.291973,2.70187,1.91136,1.18685,
-1.09357,0.0129031,1.05725,-0.541579,-1.34493,0.4083,-0.51164,-2.72194,0.353964,
0.0116407,-2.27531,-0.00409705,1.12037,1.1767,0.711976,-2.18741,-3.07832,0.39762,
-3.70065,-0.798696,0.521998,-3.724,-3.51387,-0.0719556,-1.36479,-2.61057,0.119467,
-0.821177,-1.53,0.200321,-2.87617,0.54654,1.28817,1.20828,1.59528,0.243918,
0.358989,0.305966,-0.52799,-2.87547,-0.993692,-0.215236,-1.38546,-0.703302,0.812206,
0.440038,-2.22129,0.174909,-2.3845,2.69818,0.633367,1.08793,0.577763,-0.0382744,
-3.04534,0.595774,0.626667,-1.09898,0.106677,-0.206801,-0.0506971,-0.420008,0.318343,
-2.09165,-0.126221,0.0623662,-2.47049,0.353451,0.740084,-1.05289,-0.806242,1.20889,
3.88974,1.23334,-0.0540694,-0.441641,2.43148,0.167394,1.34052,2.8443,0.434321,
1.78027,-0.384059,0.723922,-0.257449,2.38072,0.179772,3.4807,-0.441329,-0.190478,
-1.95174,0.679918,0.243402,-2.15195,-0.57294,1.14926,0.704005,-2.68581,0.171348,
2.18712,2.02912,0.113595,1.66051,0.240357,-0.10396,-1.36816,-2.86788,0.187465,
-2.20338,0.379873,0.418093,0.588549,-0.548091,1.16885,1.89272,-0.684205,-0.0108807,
0.909274,0.250504,0.12712,-2.71302,0.00634811,1.95947,-1.41067,-2.25251,0.581244,
-1.36535,0.0878835,0.582932,-2.41757,-2.77351,0.445301,-0.717782,-2.74731,-0.112775,
-2.17014,0.31512,-0.0485064,-0.36536,0.682011,-0.0819963,-1.96476,1.15565,0.604189,
-0.0358021,3.00982,0.0395939,-2.90881,0.114675,0.483191,-2.52727,-2.89477,0.501262,
-2.40928,-0.0253485,2.19473,-1.12199,2.5955,0.171741,1.70943,-0.785206,0.536477,
-2.94705,-0.00108367,0.535264,-3.12102,0.347704,0.522944,-2.35687,-3.07385,0.489943,
-0.677165,-0.872888,0.638803,1.88536,0.134816,0.402552,-1.0904,-2.35034,0.073313,
1.68618,0.0873056,1.58858,1.55768,1.92275,0.132038,-0.388053,-1.26566,0.0136286,
1.84381,2.92122,0.47076,2.08441,1.89278,-0.195588,2.53,-0.779241,0.200428,
0.87437,0.00525948,1.56234,0.304448,1.52168,0.487414,1.76408,0.0197364,0.0303907,
-0.990822,-0.023377,1.30783,-0.431925,0.0909933,1.06788,2.76356,-0.00960358,0.301504,
-1.71744,-0.773476,0.195521,-0.755168,0.248262,1.13477,2.49273,-1.68326,0.588398,
1.20291,-0.152533,-0.274383,-0.187674,2.98771,0.436955,-2.1508,-0.368242,0.220238,
2.379,0.294155,0.357791,2.25691,-0.41348,0.967281,-0.560528,-1.37017,0.201145,
-1.74771,2.32598,-0.22218,1.91996,-2.39396,0.216793,-1.53536,2.81868,1.02095,
-0.575496,-2.18241,-0.342611,1.7051,0.520366,0.236806,-0.402798,0.341078,0.343777,
4.34773,3.11731,-0.00102052,-1.70633,3.86782,0.122869,2.4496,-0.232762,0.26164,
-1.30201,-1.53235,0.379299,-3.87642,3.83399,0.301966,-3.20169,-2.09138,0.149316,
-2.4525,-0.223345,0.406735,0.142778,0.0280634,-0.144696,-2.99579,0.798622,1.00495,
-2.45986,-0.00317187,0.909328,0.408993,1.04688,0.193555,1.78779,3.09576,0.427531,
2.8427,-0.0197412,1.0252,-2.65032,-0.00262518,0.0494626,-1.14234,-0.544089,0.667052,
0.644495,0.298379,0.210799,2.17475,-0.162593,1.65343,0.0910814,0.746913,1.28627,
0.329027,3.7135,0.0629023,3.01944,-2.78296,0.171201,1.04102,0.994225,0.425393,
1.48427,-2.05377,0.0868366,2.28133,0.273482,1.44529,1.58005,-0.318897,1.2147,
-0.514389,3.13839,0.416821,1.55056,-2.66696,0.387794,-1.53469,-0.940328,0.216333,
-2.74342,-1.90752,0.274431,-0.686266,-0.180478,-0.339588,1.2674,2.61117,0.353884,
-1.12027,-0.0105027,2.19617,-1.48664,1.11372,0.261556,0.953465,2.17667,0.207506,
1.39099,1.65815,-1.30525,1.56158,1.34764,1.29092,-1.75967,3.23371,0.599779,
-1.48383,-0.628123,0.697742,-2.16783,1.70501,-0.46634,-0.569907,2.7256,0.495267,
1.8033,-1.69662,0.194849,-2.55529,0.397459,0.406677,-0.574984,0.308798,1.21925,
2.23621,-0.0551474,1.35073,0.795077,1.16556,-0.220853,1.52669,1.5775,0.545291,
2.53077,-1.29841,-0.0901484,-0.839586,-0.221055,0.618465,3.02544,2.37545,0.734244,
-1.66081,-0.0136945,1.11346,0.736024,-0.488867,0.161345,2.45196,1.91698,0.826044,
-2.24419,0.112661,0.817776,1.02594,-2.16193,0.128298,1.98396,1.30683,0.705887,
1.86854,-0.00288365,2.06503,-2.57141,-2.60031,0.458102,-2.12043,0.163398,0.138233,
-3.02322,0.846388,0.144801,-0.563613,2.64119,0.518074,1.54966,2.27329,-0.065148,
-0.33926,-1.66228,-0.29126,1.41433,-0.412306,0.218687,-3.52614,1.36391,0.654183,
-2.30644,-0.203222,-0.427585,-2.25687,-0.568569,0.563473,-1.4969,-0.842172,0.206567,
-1.73676,0.253626,0.154727,-2.15783,-0.34177,0.853748,1.64999,-0.85517,0.15155,
1.45649,0.795771,0.411118,3.20085,-1.85902,0.713163,-0.810458,-1.88679,0.13938,
0.767878,-0.717286,0.302795,-2.39598,0.557094,0.393675,2.90564,2.27171,0.417547,
-0.916954,0.33514,0.439551,-2.35759,-0.185755,-0.217493,-0.759849,-4.14009,0.220703,
-0.207896,-1.17938,-0.000562036,-0.511682,-0.485213,-0.0825753,-1.58831,-1.10503,-0.133338,
1.18215,0.239219,0.674179,2.86077,-3.11456,0.495689,2.47641,1.19796,0.384905,
-1.95165,0.263501,0.472813,-1.76258,-2.259,-0.0162084,-1.34554,-2.87089,0.740386,
-0.942302,-0.518095,0.370639,-1.75037,1.34412,0.863663,-0.633413,2.03383,-0.0190324,
1.43126,-0.0124541,1.81823,-2.64556,-2.46254,0.0526827,1.56378,2.93033,0.0632557,
-2.08667,-0.216924,1.39076,-1.15348,-2.69511,-0.295884,-1.49925,0.0799694,0.418129,
2.45618,0.402395,0.786632,-0.0892537,-1.87493,0.14652,2.19374,-2.82236,0.534981,
1.97422,0.565241,0.590917,1.38892,0.145657,-0.424252,0.399244,-2.40591,0.506422,
2.25004,-3.68407,0.140662,2.43288,-2.03544,0.210039,-1.67404,-1.44442,0.155473,
-2.01244,1.08242,0.24924,-1.62737,-0.717261,0.964998,1.34337,-2.95941,0.281835,
1.93493,-0.113824,0.798909,-1.89798,1.99012,0.218778,-2.33898,-1.18032,0.1464,
0.0676763,-0.609187,0.488365,1.3421,2.97234,0.244714,0.408615,1.08982,0.811413,
-2.38577,-3.11445,-0.0365752,1.05802,0.366403,0.530974,2.73603,3.23861,0.161596,
-2.34531,-2.24442,0.354069,2.49242,2.42794,0.534204,0.175078,1.9404,-0.188048,
0.738609,1.79405,0.338418,2.86767,-3.46441,0.520582,-1.55923,-0.956236,-0.0085609,
-0.864082,2.37008,0.220322,-2.60449,-2.40143,0.808037,2.60335,0.620386,0.0751102,
2.69736,-2.74469,0.00949939,2.31142,-1.97572,0.561145,1.91701,-1.34787,-0.0901294,
2.27453,-0.684695,0.0632289,-1.84664,-0.908322,0.490511,1.95042,2.15292,0.638469,
-3.02901,0.132333,0.00523088,-3.54681,4.17551,0.318685,-1.99379,-0.686994,0.253958,
2.5509,0.269986,0.821533,2.58919,-1.1904,0.0751254,2.86341,-1.03428,0.773672,
4.42975,2.09381,0.198133,2.35175,-1.27434,0.245842,-2.17268,1.77656,0.0674311,
-1.57136,0.0937053,1.09826,2.07497,2.91069,0.171573,-0.278229,0.699791,-0.30592,
-1.19545,-1.94827,0.156685,-2.57719,2.6388,0.166074,1.47164,0.638553,0.178661,
-0.680519,-1.84859,0.153958,1.47404,-1.8841,-0.0640935,4.67807,3.78198,0.110866,
-1.64213,2.54697,0.0507859,-3.03496,-0.208369,0.463117,1.57984,-0.389315,0.486142,
0.51662,-0.552822,-0.401483,1.22955,1.46878,0.620647,0.0989634,3.1189,-0.126904,
0.95464,-3.05168,-0.220943,1.30769,-1.93923,0.385103,-3.51816,1.47933,0.553779,
-0.241183,0.281795,0.716959,-1.75757,-2.33607,0.0549635,-0.564939,-0.952434,0.804655,
-3.27007,0.788954,0.436186,-3.00201,-1.00303,0.132376,2.59441,3.11307,0.0351613,
-1.86125,-0.641087,0.345723,-3.50634,1.47054,0.477592,-1.47734,0.484237,-0.154729,
0.970295,1.84359,-0.262155,1.91567,2.76757,0.551169,0.920667,-2.56477,0.192025,
1.62428,0.0233307,1.23826,-0.362826,0.0531246,0.0399559,0.283938,1.84437,0.177624,
0.982272,-0.0696559,2.14872,1.84306,-1.59644,-0.267734,-0.324016,2.75822,0.211749,
1.01605,-0.0513182,0.896205,1.21009,2.2998,0.179492,-0.0908939,1.00685,0.320431,
-1.24959,2.69251,0.446927,-2.54162,0.30651,-0.296417,1.99885,-0.693204,0.291423,
0.578968,1.65988,0.363973,-2.03422,-2.63944,0.79796,2.72434,3.10176,0.10723,
1.46586,0.173383,1.48336,0.768537,-0.557023,-0.371939,2.23341,1.02344,-0.00365251,
2.11289,-0.0799748,-0.0357719,1.45962,0.0686015,2.12711,1.92667,-0.875012,0.514926,
-1.0156,-0.63476,-0.12005,4.11111,1.90564,0.344134,1.06566,0.344701,0.267065,
2.63883,1.53294,0.0867753,2.09471,-0.0294916,0.703697,1.34575,-0.837201,-0.311778,
2.59537,-0.399201,0.329659,1.34228,-1.0106,0.363113,0.0452897,-1.04234,-0.169618,
-3.34578,0.623965,0.598081,2.90514,-0.130613,-0.0481441,1.36336,-0.43529,0.24808,
-2.91752,-0.126539,1.03546,-2.84355,3.03581,0.171859,-1.15681,-0.67326,0.938352,
-3.11362,0.129413,0.77093,1.68381,0.908485,0.14764,-2.51145,0.490416,0.287295,
1.90817,-0.0690997,0.319244,2.35449,-3.02437,0.269685,1.5256,2.53775,0.139267,
1.25486,-0.585774,0.702176,-2.9509,2.14797,0.437705,-2.63756,-0.864066,0.155041,
0.812668,0.316701,-0.104254,-2.02839,-2.50514,0.0498386,-0.800903,1.15781,0.360762,
2.50849,-1.16407,-0.0484684,1.46813,-1.77934,0.650679,-1.17012,1.30359,-0.0667757,
1.00858,-0.0956771,1.55094,-1.74395,-2.22364,0.150946,-2.41712,-1.81949,0.251084,
2.81458,1.5546,0.434164,2.83588,-2.97247,0.481273,1.42873,0.580133,0.0825064,
-0.435095,-0.555651,0.196524,2.27508,0.466435,0.967579,-1.23479,2.27907,0.239102,
1.6817,2.4783,0.183332,1.33588,0.281353,0.13276,1.05461,1.1052,0.268687,
-0.861331,0.213494,0.589162,-1.16876,-1.25052,0.669767,2.20124,-2.73119,0.287535,
-2.28664,0.147733,0.475742,2.81997,2.20621,0.12271,1.52948,-0.939832,0.284253,
2.74622,0.537264,0.265385,-1.62047,2.25155,0.194095,-2.75014,-1.7307,0.318459,
-0.611578,-0.0353106,0.490534,-1.27978,1.87907,0.504626,2.56744,-1.24417,0.0766193,
-2.89084,1.26474,0.243443,-0.219885,-2.32751,0.178043,-2.08846,0.447571,0.685317,
2.10214,1.71699,0.221178,0.991084,1.87042,-0.166385,-0.627803,-0.220786,1.43934,
3.03991,-1.25825,0.380919,-1.0682,-1.08069,0.0888691,2.3992,0.777412,0.206448,
-0.323743,-0.0535474,1.41574,2.55651,0.857002,-0.00130558,-2.45194,0.731427,0.882334,
-1.36088,-0.0079107,0.1951,-3.33839,0.490443,0.309222,1.94303,-2.67094,0.350872,
0.886394,1.32248,0.116872,-2.96274,-0.557676,0.989443,-1.63346,-1.8187,0.319731,
1.70134,-0.455486,0.124803,-0.268605,-0.655289,0.260987,-2.29766,1.65528,0.868695,
2.60959,0.248161,0.811286,-2.77381,-0.642421,0.00770188,0.0760397,-0.907397,0.918047,
1.96142,-2.38997,-0.256682,0.656943,-2.65455,0.168828,4.43619,-0.00940127,0.174037,
-2.8913,2.52676,0.181793,-1.80554,-3.31152,0.182118,-1.37816,-2.24143,0.354591,
2.65528,0.12916,1.30098,-2.96761,-0.120004,-0.134232,-2.77203,-0.645333,0.827464,
1.42191,-0.0907947,0.656321,1.18386,2.0946,0.219695,-2.58741,-1.20432,0.161552,
2.39603,-1.86658,0.0254695,-1.5464,1.37504,0.391988,2.61542,-2.30605,0.647722,
-1.19386,-0.147858,1.05726,1.71084,-2.36732,-0.0700511,1.52525,0.715614,0.597264,
-0.129027,-0.173797,-0.0334674,0.61647,-0.0380596,2.81711,-1.33193,-0.774189,0.148727,
-0.0534656,1.77445,-0.164747,1.23426,1.14149,0.240047,-0.775111,0.347413,0.480392,
1.35369,-1.09267,0.204009,3.00123,1.68299,0.522352,-2.17038,3.03909,0.0834625,
2.03807,1.28013,0.208069,-2.66811,-1.50234,0.742992,1.93191,1.86054,0.294343,
-2.17019,0.692344,0.49002,2.18685,2.25072,0.319242,1.13694,-2.22355,-0.0280452,
0.965907,-0.816021,0.378357,2.14206,2.12416,0.577671,-0.562237,3.00245,0.408688,
-1.89932,-0.330123,0.572673,-1.13242,-1.97662,0.197939,1.66823,-1.53615,0.321012,
1.90122,0.0541217,0.848324,-1.67406,2.36562,0.174126,-2.99583,-2.25542,0.135999,
3.20043,1.23968,0.542589,-1.24664,-1.92892,0.0564674,-0.117794,2.74185,0.0688871,
2.09652,0.501345,0.592804,-2.97631,-0.973399,1.04544,2.90203,3.07244,0.161398,
-2.59368,1.73973,0.0204725,-1.06176,0.0202517,0.685539,2.68684,-1.37649,0.973162,
-1.99152,0.668005,0.273309,2.00961,-0.0923553,0.0882004,0.912993,-0.806765,1.27334,
1.61553,-1.49488,0.0354173,2.58587,0.266766,0.872836,-2.74086,-1.14675,0.745338,
0.845616,1.31962,0.167673,2.02223,0.372213,0.140086,2.82379,-0.882861,0.978786,
0.376416,-0.992918,0.431427,-1.32738,2.68766,0.30462,-0.0340064,-0.276184,-0.019068,
2.53566,0.397846,0.128209,0.43833,0.227211,0.860443,-1.87274,0.316068,0.0906232,
2.73952,-0.884813,0.160867,-3.03904,-2.60742,0.0304672,-1.29163,2.10072,0.755117,
-2.10749,0.410778,0.654936,-1.00852,-0.952337,0.364666,-1.81381,-1.88432,0.347059,
-0.614345,0.938271,0.0333924,-1.0984,-1.88933,-0.166129,-0.761821,-0.632385,0.614866,
2.5095,-0.0924509,1.34307,-0.904012,1.10432,0.71456,-1.38143,-0.0711658,0.301514,
-2.27214,2.37742,0.15305,-3.08232,-2.06336,0.414459,0.240663,-3.27835,0.351381,
-2.60272,0.406724,0.0822026,-1.17557,-4.15542,0.0974115,-1.38265,-2.46145,0.297363,
1.23308,-1.29304,0.420347,1.37457,1.15949,0.598002,1.98183,2.47073,0.0435264,
-1.80496,0.159778,0.497597,0.699607,-3.45915,0.312014,-2.66298,1.53742,0.108675,
-2.61576,-1.72356,-0.150861,-2.24255,-2.91242,0.391198,0.148533,1.74911,0.26007,
-1.5229,0.137255,1.07771,-1.98483,-0.524531,-0.119987,1.86081,-1.00913,0.783085,
1.9723,-0.974846,0.211578,1.18156,1.7886,0.382872,2.38084,-1.00947,1.05142,
-2.86012,-0.062942,1.4614,0.679726,0.543285,0.713818,-1.18365,-0.886166,0.38966,
1.24206,2.67296,0.165065,-0.244763,1.98945,-0.082451,-2.28954,-1.4461,0.838874,
-1.44036,0.00288653,0.162863,-2.70901,-1.46484,-0.00921553,-2.4186,0.285038,1.07772,
1.30467,-0.210624,0.945801,2.51406,-0.78949,0.0213692,-0.816192,-0.768148,0.124745,
-0.0916586,-2.80154,-0.0357467,2.14298,0.965129,0.047619,2.7574,1.61246,0.594771,
1.74236,-3.71839,0.265153,-0.0636786,0.585933,0.321056,-1.22868,0.675863,-0.0159449,
-1.32925,1.88317,0.0870766,2.02166,1.39732,0.000218612,4.15122,2.45508,0.121611,
-2.43738,-1.6664,0.236508,-1.6452,2.09449,0.30183,2.78871,-0.254553,0.874279,
0.964727,-0.189189,0.239721,0.0226983,0.0159516,-0.149119,0.786861,1.78975,0.668858,
-1.65883,3.24125,0.0222835,2.85548,4.31469,0.00432044,-1.17384,-1.06779,0.165281,
-2.28403,-0.0200942,0.429143,-2.15581,-2.01333,0.0587439,0.257808,1.11499,0.239373,
3.30433,-2.21142,0.369004,0.0879018,-1.23499,-0.0207529,1.79892,0.616851,0.139837,
-3.34889,2.50827,0.162576,-2.66851,-0.219741,0.52314,-1.50934,-0.483746,-0.0779698,
2.02378,0.929831,0.317814,-2.83693,-1.82568,0.20223,2.6979,1.54492,0.448925,
1.53078,0.586505,0.478537,-1.76297,-3.13875,0.102916,0.42328,-1.23468,0.612236,
2.10648,1.3086,0.270249,-3.34527,-2.74599,0.402459,1.08371,-1.12058,0.320941,
2.72111,2.96434,0.020127,2.34909,-0.579665,0.637719,-1.60138,-2.44192,0.114973,
2.45141,0.226501,0.808142,-2.5838,2.94304,0.252437,-2.02202,-2.50089,0.828833,
2.12615,-0.191966,0.211475,1.83227,1.61249,0.102405,2.70292,-1.49793,0.568199,
2.07623,0.846184,-0.0862498,-0.920342,-2.04303,0.122723,0.989537,1.55597,0.891631,
-2.25392,1.31084,0.138222,-0.187438,-1.41255,0.18878,-2.70234,-1.2357,0.0777531,
-2.15192,1.48791,0.246418,-2.70678,-2.67073,0.0991416,-1.27309,-1.216,0.49958,
-0.614916,0.0104623,2.42725,-1.22344,-0.378031,0.89434,0.230093,1.91834,0.567553,
-1.35093,-1.26117,0.0267446,-1.59089,0.976389,0.298366,-2.73188,0.293331,0.395141,
-2.92944,2.52122,0.296912,-2.72875,-2.8688,0.499656,-1.07561,0.374567,0.171671,
0.414495,2.03344,0.223588,2.57155,0.358396,0.0901618,3.72883,-2.57,0.549127,
-0.772089,-0.316545,0.386413,1.48657,2.31597,0.474249,2.79171,-2.08595,0.10194,
-2.13998,0.540029,0.205403,-0.182944,-2.52868,0.390667,-0.216521,-0.539322,0.19325,
0.47463,0.409177,0.261657,2.42391,-1.92319,0.408018,-0.0595169,-0.0453883,-0.104991,
2.55423,2.46736,-0.0196809,3.40728,-1.37072,0.213082,0.875845,2.61527,0.446888,
3.01649,-1.81558,-0.00798218,-1.95648,-1.0857,0.234889,3.10094,1.29065,0.551013,
0.743513,0.937601,0.294228,2.84347,-1.58131,0.509442,-2.66351,2.35881,0.0899057,
0.261032,2.46079,0.10661,-1.92786,-0.99174,0.366261,-1.92908,-1.69072,0.553327,
-1.29908,-0.270372,0.0791678,-1.97188,0.264246,0.422414,1.53963,2.08705,0.183773,
0.833839,-2.52157,0.101123,1.41198,0.507877,1.17519,-2.69626,-2.4093,0.498046,
2.46546,1.2114,0.417626,-0.714019,-1.04257,-0.0340909,1.08972,-3.57571,0.402398,
1.82306,-0.0509171,0.868145,1.22599,1.52913,0.351184,-1.81208,-1.24768,0.347558,
-2.42847,0.816982,0.474566,-1.22669,2.1505,0.0371675,2.14753,-0.260837,0.295916,
-2.6615,2.62802,0.214775,0.487088,-2.2943,0.304818,-1.86767,-1.21082,0.61021,
-1.15114,1.58888,0.520636,-2.25414,0.999213,0.0338919,3.1407,2.9089,0.0381931,
2.38462,0.0127879,1.14642,-2.38624,0.245382,0.589366,1.4012,-0.390621,0.296389,
0.201215,2.22806,0.220141,0.416092,-2.26296,0.834042,-0.0666069,-0.0965752,-0.0450376,
-2.94429,3.77697,0.0581355,2.18768,0.0965535,0.245709,3.11339,-2.88734,0.0549847,
-0.645325,-1.24327,-0.0707099,2.02744,-1.30398,0.228508,0.600765,0.639635,0.406055,
-0.737828,0.199111,-0.201013,-0.851699,3.92594,0.147862,1.46931,-2.29058,0.265524,
1.63133,0.0217363,1.17545,2.73708,-0.0178786,0.620441,-0.189861,-0.0184478,0.475613,
1.46903,0.132405,0.873351,-2.35534,1.79612,0.196808,2.56584,-0.165233,0.12182,
-0.388315,-0.347991,0.285675,3.92194,2.44605,0.260277,0.0459385,0.691392,0.140226,
-2.00102,0.197102,0.278338,-2.88362,-1.72028,0.256385,2.32307,0.785885,1.02991,
-1.43457,-0.147779,0.267652,-2.67641,-4.69934,0.172291,0.601499,-3.64939,0.0771027,
0.454115,-0.330951,0.388966,1.95354,3.21056,0.268016,-2.03543,-2.80351,0.119628,
2.35197,0.621913,0.572464,2.76324,-1.67386,0.422175,-2.8792,1.38862,0.165376,
-1.96011,-0.125573,0.194325,1.52089,1.33785,-0.219372,-0.0220033,2.24411,0.704378,
-2.33264,-2.92532,0.130358,-2.41248,0.607294,0.567409,3.01004,0.221369,0.262004,
-1.44777,2.78859,0.050757,-1.16118,-0.963869,0.024509,-0.623784,-1.17823,0.452796,
0.904442,0.0325919,0.931294,1.48891,-0.373259,1.09702,-2.70188,-1.72109,0.0365591,
-2.65962,-1.92166,0.0144793,1.5377,2.71396,0.305265,2.15557,-2.28722,0.285592,
-2.25348,-2.01027,0.138058,1.4425,1.92463,0.580044,2.30932,-1.31696,0.153977,
0.64001,-0.0362748,0.0945428,2.78556,-0.364212,-0.0215484,0.576388,1.70216,0.397442,
-0.815365,3.08465,0.0373583,2.75599,-0.00541334,0.41597,2.95932,-0.68318,0.500212,
-3.4196,-0.723221,0.185851,1.20935,-1.09332,0.363576,-0.874965,1.3749,0.280698,
2.54738,-0.0408814,0.867828,-2.22928,2.02603,0.110261,-2.12815,1.84052,0.550114,
0.833651,-1.57287,-0.0180402,0.297712,-0.431402,0.652761,1.0624,-0.416779,0.140878,
-3.87612,-0.620106,-0.0863326,-1.955,-0.451563,0.294498,-0.619129,-3.69373,0.144138,
2.08549,1.90802,0.173937,0.750811,-1.46474,0.733744,-0.158041,-2.82023,0.0892299,
0.606812,0.979215,0.408247,3.00798,-1.40445,0.473525,-0.89562,-1.89581,0.166902,
1.00135,-0.138937,0.748035,1.70856,-0.694582,-0.308985,2.16635,-1.22258,0.583497,
-2.35,-2.52136,-0.134777,-2.14059,-0.999358,0.196128,-1.17902,-5.5503,0.191513,
-1.39335,-0.179709,0.686804,-0.632674,1.7058,0.300973,1.65191,1.7738,0.0837652,
0.156894,-2.9454,0.0847076,-1.96859,-0.426941,0.551535,-0.923681,-0.509187,-0.214269,
-0.630739,-0.0344845,1.38417,0.898512,0.0167931,0.105781,-1.90557,-0.0687231,0.366269,
2.63372,-4.24676,0.375604,-3.06445,-2.48973,0.00999243,-2.01261,1.69016,0.129054,
2.26598,0.127229,0.552445,1.58523,-1.47888,0.261057,-2.73568,0.691354,1.08222,
-1.09387,-2.72502,0.0491889,1.9841,-0.696802,0.367639,2.63202,2.22613,0.622127,
-2.59106,0.0801184,0.245845,-0.586517,0.464979,0.224257,-0.749806,2.55337,0.126262,
2.61601,-0.213451,0.368288,-2.82613,-2.78173,0.332779,2.35219,2.67831,0.647347,
2.20571,0.926181,0.196363,-2.90115,-0.678443,0.708414,-0.951392,0.0361531,0.0127425,
2.37302,2.47817,0.1754,1.988,-1.17018,0.449334,-1.14611,-2.34589,0.217702,
0.548347,-0.888481,-0.00883935,-2.27642,-0.0596164,0.810121,2.11632,-1.108,0.443127,
-1.82242,0.0948072,0.34639,-1.70259,0.328271,0.682333,2.76892,-0.0562758,0.269827,
0.219346,-1.56982,0.034518,-0.957677,0.150425,-0.0493726,1.93021,0.32405,0.627829,
-0.976572,-1.73914,0.0994567,0.806325,1.53382,-0.119571,-0.253309,2.23658,0.733353,
1.2116,-2.37674,-0.0321717,-0.0182809,-0.275967,0.420575,-1.28676,0.197397,0.960554,
1.55776,0.184155,1.01572,0.643817,2.11124,0.0196898,-1.22127,-0.203419,0.104214,
-1.44572,-0.835353,0.625496,-0.997448,-0.926423,-0.288348,-2.85958,2.68108,0.328308,
2.54058,2.69671,0.0797922,1.52723,-1.56585,0.246007,-2.16299,0.0307931,0.903998,
2.00445,-0.201983,0.603913,2.73946,-0.686942,0.404767,-1.8926,0.104244,0.190668,
1.29778,3.33714,0.304034,-0.255515,2.6476,0.292782,-0.459923,2.79353,-0.175195,
-0.575995,-1.70284,0.00346133,-2.31757,1.88889,0.364225,-2.0876,-0.454856,0.221648,
1.681,2.29232,0.0278105,0.154564,-0.0920012,0.350031,0.849665,-0.628873,0.41658,
1.39471,1.20233,0.115168,2.10555,-0.670276,0.462893,-0.316201,-2.1949,0.31742,
0.445684,-0.229639,0.411849,0.468604,-1.56732,-0.26099,-0.378445,2.03159,0.307834,
1.17462,0.180566,0.688095,2.02539,-0.386218,0.898807,0.740494,0.11964,0.674556,
-3.14768,-4.36551,0.136285,-2.23696,-2.09864,0.225441,1.98798,-2.09635,0.00559709,
2.56943,-0.550009,0.342222,3.31531,1.41689,0.410786,0.71611,-2.55902,0.141121,
-2.52793,0.986062,0.317639,0.923873,-1.03724,-0.0254754,-0.872344,-3.18878,0.487411,
1.05307,1.06831,0.318035,2.97764,-1.12824,0.918296,-2.58443,2.7523,0.01954,
-0.249594,0.167038,0.829631,-3.01852,-1.29806,0.485149,-0.764145,1.82519,0.748796,
2.0565,-1.7275,0.102587,-0.0677331,4.27431,0.17347,0.910527,0.056577,0.220554,
-0.825524,-0.00220713,1.1624,-2.06386,2.35638,0.232888,1.87832,1.93423,0.315389,
3.05463,-0.645586,0.555749,-0.0430343,2.19698,0.688214,-2.46471,0.275617,0.178324,
-2.35882,-1.92793,-0.0375307,0.758772,-0.436711,0.408542,-0.000687401,2.52793,0.415027,
-0.382813,1.05029,0.00415022,-1.65324,2.00077,0.21624,-0.548755,2.06588,0.367732,
-3.36715,-0.640902,0.132034,0.238591,2.06783,0.304516,-1.96539,-2.97868,0.558234,
-2.10722,-2.04292,-0.116956,-2.98035,-1.59241,0.4278,-1.85265,-3.5105,0.250885,
2.04587,0.960824,0.358291,2.82809,-1.54657,0.453787,0.781126,0.126398,0.079158,
-1.90139,-0.398471,-0.0449966,-2.43742,-0.682068,0.211912,0.116556,1.14163,0.109638,
2.04377,-0.305298,-0.0733357,2.95359,1.45975,0.164337,-0.115626,-2.61129,0.390667,
1.78261,0.908577,0.453208,2.43818,-2.59729,0.355019,1.48026,0.523004,0.878808,
2.46402,-2.83202,0.164109,-1.94391,0.910218,0.418052,-1.43422,2.1642,-0.121389,
1.93791,0.582873,0.384598,0.870982,2.30863,0.0281611,-2.5993,-1.01732,0.0572316,
1.74838,3.08528,-0.0533491,-1.76719,-0.519696,-0.0623287,-0.274916,0.867928,0.652538,
1.31248,-0.0174276,1.46921,-1.08919,0.0840358,0.388466,2.68519,1.7705,0.665977,
2.29147,0.530968,0.299908,-0.140014,-1.13538,0.104855,0.187351,-0.594343,0.359087,
1.41308,1.25918,0.301587,1.99177,-0.538152,-0.112757,2.81088,-3.34448,0.343307,
-0.688293,0.293579,0.618445,-1.17171,-1.25208,0.957788,-0.603849,-2.2917,0.0745218,
-3.7168,-1.43323,0.179786,-2.08882,1.25248,0.141186,2.8172,-1.93213,0.108651,
1.88185,-1.05458,0.264298,1.17492,1.71392,-0.165037,2.19229,1.34116,0.763816,
-1.01126,-2.6472,0.00180553,-0.569263,-1.74418,0.414079,0.756268,2.68868,-0.0222712,
-0.648022,1.85396,0.112065,-3.95917,-1.48665,0.222665,0.476557,-2.25966,0.128604,
0.956214,1.31805,0.460971,1.10945,-3.01473,0.323289,0.171054,-1.10004,0.214218,
-1.44707,-0.0255442,0.363443,0.896897,-0.12031,1.21485,-1.77822,0.338594,0.270508,
-2.12207,0.0803364,0.643686,0.138937,-1.50002,0.278768,-2.16611,3.11096,0.47959,
-1.8695,0.0824103,0.884635,1.10606,0.045254,0.0858583,1.68876,-0.81735,0.859608,
1.21287,-0.853185,0.553697,-3.00138,2.20034,0.272335,1.6639,-0.126818,0.184735,
2.95264,1.14694,0.467923,-0.984834,-3.69046,0.236333,2.77221,-1.54124,0.113998,
0.409908,-2.85157,0.0488171,-1.41718,2.17429,0.255502,1.6217,-2.17671,0.516194,
-0.888672,-1.13839,0.107436,-2.823,0.366611,0.887345,2.5564,-0.76134,0.816307,
-1.64387,0.0968298,1.036,1.49147,-0.274707,0.851034,-1.67896,-0.754483,0.430411,
1.2497,-2.63931,0.0830543,-1.493,0.321379,0.926757,2.72135,-2.31055,0.254547,
1.62814,-2.3727,0.104443,1.8154,-1.57551,0.332734,-0.030917,2.15954,0.0499268,
-2.15483,0.152987,0.188163,-2.87237,0.0216024,0.347266,2.82115,2.58152,0.495312,
0.661855,2.18793,0.207172,-2.86906,-3.40756,0.311132,-0.276367,-3.19126,0.215072,
-0.225121,-0.112225,0.240759,0.158272,-2.41904,0.127793,-2.56686,2.11671,0.814193,
-0.434116,-0.26186,0.278026,1.64395,-2.17013,0.500435,-3.02629,-0.416105,-0.0434972,
-1.16272,0.152125,0.679301,-1.35182,-1.42524,0.456224,1.01366,0.547358,-0.0474526,
-0.393322,0.772952,0.262453,-2.77994,-0.465361,1.39624,0.914273,3.10546,0.271072,
-2.64201,0.0404756,0.0599876,-0.917605,4.66316,0.100133,-4.9164,-2.88022,0.079852,
-1.22493,1.63186,0.0233482,2.03586,1.36626,0.0840206,2.20804,-0.590513,0.94386,
0.477922,-3.08685,0.0479626,-1.71928,-0.882616,0.0903446,-2.09342,1.3102,0.79653,
1.26527,-0.211478,0.687642,-0.562856,1.33965,0.32191,-1.8936,1.7262,0.0784443,
-1.86619,-1.48544,0.234364,2.26282,3.1893,0.495701,-1.9224,1.3911,0.103009,
2.12015,-0.0593935,0.487089,-0.561337,-0.0948311,0.603462,-1.17812,-0.053221,0.0768665,
-0.81266,0.0178767,2.4897,1.23907,-2.16544,0.0585973,-0.560473,-2.0759,0.179109,
-1.90439,0.089587,0.98933,2.14111,2.93274,0.0959065,-2.97859,-0.242823,0.184117,
1.20041,-0.259677,0.282206,1.22069,2.87733,0.355656,3.00046,-2.25043,0.191077,
0.910747,1.25984,0.0641172,2.66964,-0.273984,0.507301,1.02497,0.258795,1.1695,
2.82494,-1.78545,0.263135,1.97792,1.59626,0.656526,1.99738,-1.99875,0.246501,
-2.79708,1.26068,0.282481,2.62922,1.71587,0.214201,0.564895,1.77913,0.207221,
1.40367,-0.0442994,1.72883,1.95067,0.609927,0.589432,0.504662,-0.664729,0.151372,
-2.92176,1.72682,0.268991,1.89289,1.93665,0.157467,-1.50618,-0.800253,0.216432,
-1.02251,-0.472894,0.363294,3.42141,3.03372,0.415451,-1.89758,2.45913,0.174328,
-0.959138,2.84904,0.114292,-1.41482,1.71746,0.0124857,1.01041,-1.57672,0.708146,
2.23434,0.150614,1.24443,0.325181,-2.79907,0.289087,1.15833,0.753114,0.793551,
2.91068,0.123427,0.369665,1.7113,0.356013,0.180754,-0.994848,2.79922,0.397863,
-0.7753,0.00489906,0.379331,2.08072,-2.82002,0.495612,-1.0089,-1.62571,0.00702232,
-0.167425,0.0802783,0.795683,-0.609948,-1.25194,0.5828,1.02478,0.693685,0.155559,
1.1364,-0.449886,0.589724,-2.88968,2.06802,0.418944,-2.56903,-0.330676,0.0763921,
-1.31694,0.587966,0.198343,-0.290917,0.249809,0.364715,-0.436634,-1.98354,0.193192,
1.89805,0.524641,0.0412625,-2.34397,-0.706145,0.22689,2.68618,0.241171,1.75365,
-2.96047,0.965643,0.404584,0.711394,1.35255,0.0121893,-2.99355,-0.0975859,0.162569,
-1.49229,2.09329,0.0955394,-0.313138,-0.38507,0.835454,-1.58769,-0.9798,0.428024,
1.8833,-1.16097,0.195859,-1.27444,0.660209,0.198645,2.77976,2.20372,0.258098,
3.31971,-0.726523,0.157188,-2.78391,-2.44454,0.0343011,1.42337,-0.606771,0.322992,
2.44253,1.72779,0.310326,-1.23662,2.08574,0.028843,2.2716,-0.997886,0.175812,
1.59197,-0.365841,0.155665,2.3592,-0.288899,0.48852,-0.298834,-0.0340415,0.113756,
2.67995,-2.68618,0.0633916,2.4105,0.744503,0.0962636,-0.890234,-2.92063,0.270263,
0.854498,1.07795,0.47207,2.97347,-2.56595,0.0892963,1.52255,-2.48363,0.455426,
1.05422,-0.700245,0.276639,2.70919,1.07707,0.441791,-1.13435,0.516961,0.26124,
-2.07496,-1.09636,0.162316,1.35831,0.915546,0.502932,-2.47022,-0.774956,0.877283,
1.72482,-0.172329,0.531746,-1.15454,1.23721,0.278701,-2.58958,0.305936,0.335432,
2.87147,0.2529,0.208595,0.694672,-0.310934,0.265542,2.71735,0.73737,0.116104,
0.947434,-0.53605,0.346242,-0.445939,-1.41047,-0.00146744,-2.42636,1.29674,0.874726,
1.16298,0.44883,0.537564,2.20208,-0.704936,1.04359,-2.14628,2.58189,0.119079,
-1.87449,1.3981,0.031596,-2.19896,-0.522468,0.548693,3.44171,-2.31687,0.52105,
-2.04222,-1.43665,-0.0845992,-2.03447,-1.91573,0.402348,-1.24064,1.24244,0.17238,
-1.40673,0.194269,0.159901,-1.3839,-0.124726,0.999588,-2.60298,2.44358,0.256454,
0.673537,-1.87744,-0.112408,-1.03768,-1.02191,0.292126,1.4683,0.784901,0.50878,
-0.991801,-0.129114,0.586549,2.89409,-2.78844,0.152028,0.666128,2.56323,0.00369734,
-1.99569,-2.3491,0.0540189,0.542987,-0.49511,0.26625,-1.33896,2.07393,0.401867,
3.45947,-1.93801,0.260421,-0.294552,1.67473,0.26451,-0.674947,-3.14474,0.18362,
-1.21285,-0.147022,0.641781,1.33347,0.208793,1.32375,1.35414,2.15444,0.612891,
-1.52768,1.89681,0.105605,-1.73835,-2.26691,0.288339,-2.91409,1.14757,0.904009,
0.272583,0.469368,0.483979,2.75533,-2.51188,0.325417,-2.06282,0.299098,0.826908,
-1.00344,-0.423148,0.120433,-0.520699,0.316622,0.98835,-0.682008,-2.78343,0.43464,
0.881912,1.72441,0.127605,2.95344,-2.44751,0.308266,0.527297,1.14499,0.177763,
-1.57363,0.278272,0.0528914,0.773049,-1.39808,0.0208904,1.32527,0.947293,0.931075,
2.21681,0.601454,0.349868,-1.3026,-0.92199,0.918587,-1.19631,0.57785,0.111781,
1.75477,0.352087,-0.211096,2.373,2.01199,0.174045,3.14883,-2.84836,0.608319,
-0.260608,2.79892,0.0407105,-1.2267,-0.412377,0.385454,-2.50028,-2.18385,0.408955,
-1.27878,0.904319,0.185012,-0.902289,0.211688,0.21402,0.63176,-1.96863,0.315545,
-2.50792,0.254539,0.0175671,0.957386,-0.0644529,1.00386,1.13015,-2.37132,0.572071,
-2.28988,0.2722,0.722766,-1.14868,-1.16039,0.52025,-0.44519,0.574242,0.973678,
2.77733,0.136791,0.737826,0.151276,-2.11964,0.147544,0.539654,2.4623,0.0547704,
0.915469,0.0154628,0.983169,-1.67177,-0.0846918,0.582291,-2.97597,0.326682,0.780795,
1.31026,-0.000854756,0.530141,1.8006,0.551254,0.258038,-2.71784,-1.94631,0.706435,
2.22522,-2.57693,0.232626,-2.24131,0.605679,0.313336,1.25404,-1.43315,0.373082,
-2.78774,-0.214953,0.0921419,-0.789401,2.78623,0.151216,-1.74448,-1.0361,0.908466,
-1.21088,0.390083,0.58581,2.38748,0.0840708,0.00704676,-0.135081,-0.150401,0.231522,
3.05288,1.35552,0.192917,1.97966,-1.10975,0.420938,1.84347,1.02351,0.460813,
0.543281,-2.30126,0.0369587,2.33099,1.63451,0.328348,-2.62176,2.49505,0.0689726,
-0.360817,0.273439,0.0642546,-2.65342,-0.947021,0.0792186,-1.42688,0.86476,0.704112,
-2.67666,0.584466,0.0478645,1.81146,-0.0215315,1.6456,-1.00139,-0.0559153,0.830568,
-1.29842,0.770932,-0.0815911,-0.473441,-1.62963,0.321506,-3.28285,1.40135,0.160778,
-0.23688,0.354585,0.313943,0.670902,3.18765,0.279649,-0.186508,-1.1339,-0.0167196,
-0.317745,0.317022,0.93556,2.88503,-2.36184,0.286186,-2.22916,0.158561,1.05266,
-2.46525,-0.662607,0.412012,-2.50731,0.524872,-0.0496879,-1.51439,-2.74097,0.0240189,
-2.74568,-3.02436,0.0382802,1.07398,1.15963,0.721454,-0.105337,1.34831,0.269579,
-2.24125,2.08094,0.190254,-1.30783,-1.10561,1.08201,-0.991957,1.64955,0.245293,
-3.03637,2.66686,0.218461,-3.81687,0.927172,0.00469548,3.03759,1.96165,0.16701,
2.80191,0.664668,0.0599151,-0.578099,-0.0690123,0.025112,2.62019,-0.606959,0.730788,
-1.26051,-0.787867,0.00292508,-1.75455,-0.649548,0.826428,-0.737077,-0.601898,0.0189218,
0.946284,0.294065,0.830994,1.27367,2.18669,0.0719215,1.10418,-1.31935,0.673568,
1.30675,-0.147012,0.78367,-0.94855,-0.494712,0.031966,-1.99048,-0.964697,0.307506,
-1.372,-0.00154535,0.88178,1.26314,0.158769,0.349472,-1.67146,-1.83246,0.554503,
-2.66921,0.565354,0.395361,1.23952,-0.532471,0.559525,-0.65041,-0.422276,0.730902,
1.94612,-1.39442,-0.0914578,1.72973,-1.70246,0.215424,2.90266,-3.00287,0.374938,
1.26206,-0.0743578,1.50781,-2.35042,2.2136,0.130329,2.1013,0.166225,-0.0431396,
-2.82573,2.97761,-0.0176662,1.34431,0.198022,0.67036,2.22085,1.98515,0.363321,
-3.15112,0.469683,0.473858,-2.53223,-1.40732,0.243164,-2.62905,-0.296081,0.245093,
-2.59813,-0.179224,0.762406,-2.0243,2.26993,0.342953,1.48526,-1.45536,0.447773,
0.978637,-0.00104591,1.70488,1.81539,2.04376,0.577043,-2.09455,3.05941,0.0915301,
-2.40633,0.123981,1.10762,-2.82851,1.74586,0.201537,-2.3308,-1.80732,0.133534,
2.31496,-0.283016,0.25556,-0.12158,-0.641086,0.0333855,1.07741,2.42616,0.307343,
3.31243,-2.36721,0.23699,0.373147,-0.517263,0.380701,1.55851,1.94386,-0.0318526,
0.472481,0.0165941,2.0152,-1.22734,-2.52078,0.132125,-2.78367,2.75391,0.160772,
1.3138,-0.266817,0.231637,-0.171789,-0.299245,0.209982,0.870036,0.200534,1.78604,
0.478954,0.688411,0.322189,2.31636,-1.04651,-0.0530402,1.81498,-1.76589,0.583463,
0.643528,0.813777,-0.0778977,1.31929,2.90966,0.312143,0.718322,-2.36606,0.542651,
3.02008,2.1585,0.181899,2.3804,0.538529,0.0666809,2.59291,-3.42458,0.429601,
-1.8715,0.0725278,-0.0407696,2.89211,0.143094,0.243724,1.63176,0.0750481,1.53213,
0.0251321,-0.545131,0.337684,-2.1743,2.55036,0.345496,-1.48686,0.599491,0.457801,
0.648405,0.176626,0.547095,-2.41158,-2.32451,0.246096,2.34218,0.958927,0.6373,
-0.0864938,2.22793,0.0768312,2.1135,-1.55412,0.372267,-2.46776,-1.58609,0.261422,
-0.69924,0.0870326,-0.082946,-1.47447,0.553265,0.771147,1.16243,-1.96222,0.24977,
-0.409724,-0.00389624,0.769897,-1.37761,0.142531,0.360831,2.17378,-1.56871,0.64444,
1.18874,0.413307,0.0887128,-1.19995,0.822423,0.425984,1.06485,-2.95746,0.447122,
1.96723,-0.657873,0.187155,0.826072,-0.787448,0.386531,2.86532,1.39564,0.280151,
1.10392,-1.19149,-0.00477814,-1.72401,1.65729,0.266567,0.587548,1.93469,-0.0481516,
1.05986,-0.115044,0.986121,-1.48752,0.524939,0.837528,-1.20318,-0.672231,0.389031,
2.82465,-2.99538,0.0592593,2.53575,1.875,0.22499,1.44896,-1.57988,0.557702,
0.891576,-2.26209,-0.0537324,2.65167,-4.33218,0.349394,0.175387,-2.31535,0.0619615,
2.64495,-0.482083,0.045857,-2.27696,-2.25049,0.150325,-3.11684,2.46629,0.770873,
-0.060741,-0.0523647,0.112926,-1.73446,-1.03484,0.208119,0.845367,1.91596,0.542387,
-1.27886,-2.11679,-0.032812,-0.259848,-2.02515,0.30625,-0.813353,-1.88571,0.154691,
-0.390362,-2.91915,0.16018,-0.292686,2.81062,0.41368,-2.3908,-2.39479,0.115809,
1.6427,2.47954,0.143436,0.335107,-1.51373,0.540713,0.945009,-1.24884,0.13434,
0.385163,-1.07421,0.0864859,0.751396,-0.00559326,0.754126,1.71551,1.12374,0.689479,
1.84797,1.80169,0.128751,0.241516,2.69054,0.47065,-0.822768,2.40821,-0.0408679,
1.19143,3.35655,0.146455,-2.03279,0.22369,0.109412,3.02318,-2.32212,0.225662,
-1.24757,1.21663,0.229164,1.62379,1.97383,0.0329028,-1.91,-1.46928,0.584876,
2.31411,0.563574,0.45787,0.840516,0.77302,-0.0209098,1.06215,-0.669395,0.174723,
-1.89867,0.449923,0.573682,2.06463,-0.93465,0.14327,-0.148234,-1.49324,0.369108,
0.845452,-1.28851,-0.0199492,-1.33277,2.63977,0.234894,2.37613,2.45265,-0.000651932,
0.776704,2.36419,0.032759,-2.28244,-1.15041,0.620183,-0.125243,0.29644,0.0317813,
2.44062,-2.47795,0.0288026,0.124212,-1.31159,0.409561,-2.73835,2.07397,0.0176622,
0.949244,0.137683,0.188762,1.79626,-1.12378,0.229287,-0.873487,-0.688295,0.0656015,
-0.540696,-2.00652,0.271078,-1.01763,1.8691,0.646832,0.603372,0.443615,-0.0143515,
-2.00897,1.17029,0.0575741,-1.62628,0.092024,-0.180635,-3.1537,-1.76112,0.229123,
3.54144,0.963938,0.331237,1.33557,-1.69331,0.117079,-0.44505,0.208094,0.297244,
0.0435806,0.532939,0.123154,1.08784,-0.0829278,1.25313,-2.13046,-0.0607273,1.33789,
0.834615,-1.38716,0.120318,-2.54145,1.57167,0.684975,-0.897747,1.56824,-0.049737,
-1.60309,-2.12356,0.14799,-0.0553823,0.726902,0.657599,-1.34713,0.0463692,1.60292,
-1.3871,1.41509,0.218419,-2.09255,-2.05168,0.229492,2.03987,0.0154962,0.762255,
0.74009,0.149543,0.362648,-2.85557,-0.0607892,1.76488,-1.80579,0.0677568,0.70773,
-1.13498,-1.04328,-0.0425485,-1.29832,-0.0474303,1.65722,-2.62056,-2.04748,0.192847,
-0.727504,1.22625,0.0869538,2.52954,-1.74392,0.339404,2.09986,1.08438,0.129612,
2.86971,-1.57361,0.00439452,-2.21962,2.24084,-0.0118532,0.855744,-0.449896,0.608189,
3.39189,1.46615,0.174328,-1.84956,-1.31684,0.00397519,1.67935,2.40688,0.369315,
1.90782,-0.0507524,-0.0988895,2.0075,0.0509811,0.533462,-0.698103,1.49931,0.0693583,
0.600245,-2.63972,0.0377831,0.884173,0.831705,0.250417,-0.473841,-1.56768,0.432015,
2.12067,0.275105,0.118539,-0.214434,-0.158328,0.78235,1.6285,0.313355,0.644174,
0.406576,0.664418,0.185811,-2.2505,-0.483724,0.604892,-1.43718,0.646113,-0.053556,
-2.48868,-1.88329,0.27259,0.725432,-2.26055,0.301064,0.030353,1.85994,0.0741943,
-2.90636,1.34703,0.173965,-2.09403,-1.49302,0.424506,2.04396,3.00705,0.2831,
-0.744569,-0.262178,0.0892072,-1.86896,0.0795658,1.09382,2.08706,-0.32043,0.151094,
-0.498694,-0.979795,0.0290126,1.53201,-0.100515,0.240558,-1.02272,1.87048,0.253898,
-2.85453,-0.469498,0.162276,-2.1079,2.05107,0.178721,1.98174,-0.803684,1.06018,
-0.764066,0.0786277,1.67158,0.236494,-1.25193,0.274319,-0.551152,0.0600702,1.93485,
2.40986,-0.205925,0.929672,-1.37919,2.4806,0.143677,0.837243,-0.596794,0.241878,
-0.128557,0.37121,0.483345,1.53778,-1.06004,-0.0255997,2.67179,-0.4647,1.29378,
-2.03156,-1.44591,0.256579,1.32595,1.66779,0.0183258,-0.0663309,2.49533,0.562666,
-0.909851,-0.229276,0.642517,2.98688,0.457269,1.30205,-0.96451,-2.75865,0.170905,
0.919057,2.73177,0.130043,-1.33513,1.77901,-0.0918932,-2.07806,0.611476,0.537176,
-0.0178045,0.183459,0.626933,-1.44109,-0.775544,0.662713,2.22232,-0.720356,0.347278,
-0.13299,-0.025924,0.101967,-2.31689,1.20698,0.0549209,1.34512,-1.24845,0.372627,
2.0722,1.51049,0.0940657,-2.09185,-0.971583,0.462598,-1.30028,-2.21822,0.273664,
-2.10495,0.119927,0.055463,1.15916,1.49676,0.318219,-1.81538,-2.70188,0.830074,
-2.25182,-0.58094,-0.00780262,-2.93776,0.862008,0.272856,-2.80993,-0.948224,0.537763,
1.44178,3.13393,0.0265229,-0.833571,-0.0761911,0.241468,1.31208,-1.66858,0.621762,
2.29882,-0.151887,0.601761,-2.89921,2.10649,0.246295,1.09917,-1.65802,0.268637,
0.581685,-1.54615,-0.154127,-1.26812,-2.31552,0.309279,0.557696,1.34493,0.22126,
1.70793,-1.21342,0.0999437,-3.44092,1.97243,0.262043,2.98761,2.35778,0.383079,
2.07202,-0.013966,0.387644,-2.20816,0.478445,0.175793,-2.34386,1.58486,0.200924,
-0.786916,2.82718,0.224004,0.0353017,-3.30673,0.368151,-1.65492,-1.34374,0.280725,
0.240419,-0.539161,0.0808677,-0.61367,1.39197,0.239248,0.905535,2.95839,0.112608,
-0.633812,0.210052,0.0453694,1.79447,0.102335,0.806362,1.97942,-0.923722,0.75684,
-1.76188,-1.20246,0.225947,-1.15429,0.392903,0.0680212,1.42075,-2.24624,0.208804,
-0.250724,-1.29545,0.0645321,1.62934,0.490683,0.562781,1.39552,-1.43371,0.550833,
0.965728,1.27086,0.0466399,1.90044,-0.455709,0.381205,1.3149,1.3583,0.405717,
1.6933,0.962186,0.262734,-0.998959,-2.91684,0.425136,-1.25783,0.94014,0.175881,
-3.84799,1.7591,0.243996,3.62179,-1.93664,0.157223,0.683851,3.01316,0.0051099,
-2.0825,3.02816,0.032158,-2.23479,-3.08685,0.356163,1.1785,-1.26834,0.0516054,
2.94574,3.24417,0.099612,1.90776,-1.04305,0.289622,-1.79696,0.303667,0.0520448,
-0.978163,-1.7554,0.317494,-0.997428,-3.36587,0.150308,1.7879,1.82033,0.254049,
1.79955,-0.347084,0.137546,-0.828375,1.16102,0.560216,2.0164,-1.73882,0.036093,
0.958606,-1.98478,0.174544,0.423371,2.47697,0.156707,1.34598,1.24178,0.123063,
-2.83797,3.08002,0.042742,1.79854,-0.00723637,0.352422,2.63637,-2.99091,0.308871,
-2.92075,2.3944,0.136728,-2.58728,0.766904,0.26841,3.49511,0.976272,0.152037,
0.701895,-1.14341,0.265575,1.7654,1.22329,0.57403,0.422834,-1.05951,0.106383,
-0.575304,-0.0443978,1.78741,-2.52221,1.1012,0.536995,1.88561,-2.17608,0.387996,
0.0434595,0.760031,0.114241,-1.35648,1.79385,0.0423547,1.07837,-0.443228,1.4419,
1.7013,2.71011,-0.00877507,2.4639,-0.562581,0.37369,1.77661,1.52134,0.437154,
1.24296,-1.91449,-0.00847977,-0.549099,-1.25942,0.0939423,2.87662,-0.243682,0.904415,
-0.0106559,2.06053,0.115572,-1.85294,-2.8506,0.472563,1.53394,0.779477,0.109794,
0.622049,-0.00270551,0.0641933,2.62272,1.50833,0.178942,2.58264,-2.05603,0.64088,
3.15153,4.80994,0.0115451,-1.47772,3.02328,0.0163184,2.72417,1.55942,0.187693,
-2.26647,-0.838459,-0.0479539,0.195069,-0.252668,0.299109,2.28125,0.286696,1.15796,
0.0952584,2.65549,0.119011,1.35513,-0.931105,0.146549,3.32079,-1.745,0.350766,
-0.72936,-0.0280693,1.28243,0.122238,1.08032,0.125789,-2.57535,1.86155,0.700277,
-0.767582,1.4829,0.276896,2.017,-1.72785,0.0698922,-2.44822,-2.3385,0.668869,
0.540964,0.0103056,1.85782,2.6404,-2.19128,0.241504,-0.104393,1.43124,0.121329,
2.90777,-0.741571,-0.0940129,-0.144126,2.14334,0.0286704,3.37485,-1.94905,0.4506,
2.27491,0.796441,0.190303,-1.15246,0.962211,0.350554,1.90541,-0.900112,0.233444,
0.0925135,-0.417789,-0.0620043,0.469615,1.39407,0.0446589,1.35922,0.243452,0.905715,
2.49743,-3.11726,0.0190081,0.430194,1.65051,0.198949,-3.26968,1.94527,0.138132,
-1.96451,-2.1278,0.211382,1.64692,-3.1205,-0.036647,-1.1806,-2.15038,0.225316,
-2.23048,-0.77715,-0.0994101,-1.97735,0.688485,0.366817,-2.31634,-2.17987,0.516294,
-0.29224,-0.831645,0.17837,2.09328,2.38025,0.0878224,2.9885,0.283472,0.746133,
-0.512147,0.0017769,2.14912,1.91869,0.652294,0.816945,1.62135,-2.93875,0.211826,
-0.177295,-2.60286,0.118821,1.53523,2.10617,-0.0391722,-2.44572,3.18419,0.322765,
-1.50619,-0.600051,0.417081,-1.05321,-3.42423,0.170403,1.49808,-1.84658,0.120945,
-1.34525,0.758968,0.041791,-0.40269,-1.24275,0.209746,-2.10528,0.562201,1.04871,
-3.03613,-3.25179,0.170657,1.65441,2.93326,0.047988,1.37129,-2.58393,0.133616,
-2.93529,-1.56424,0.385985,-1.60589,-0.296762,-0.0493043,-2.41788,2.49397,0.423107,
-2.12612,0.525549,0.707652,-1.87655,-2.56031,0.242243,-0.335014,1.58076,-0.000380112,
-2.27132,0.427901,0.557214,1.01129,0.20906,0.251209,-1.43897,-3.05591,0.220182,
1.06092,0.305585,0.492238,-1.83612,-1.85359,0.254871,-1.76298,1.64127,0.637831,
1.4736,-0.0398404,0.105202,-1.94606,2.86452,0.19048,1.49466,2.19632,0.329565,
-1.9769,2.35174,0.0380298,1.66321,1.78043,0.175245,-2.95351,-0.649771,0.459622,
-0.00520587,1.80553,0.162058,-0.881611,-2.34298,0.0690153,-1.42373,-2.27239,0.524126,
-0.84727,-1.08817,0.142303,-2.85001,2.8743,0.330755,-0.297673,-2.46805,0.58988,
1.32083,-0.723005,0.0560109,-2.05172,2.65271,0.382772,4.98601,1.77996,0.0141096,
1.75438,0.161771,0.416595,-1.77736,-0.130419,1.79225,0.943252,1.23525,0.292686,
1.84179,-2.03479,0.0438277,-1.73215,0.270819,1.05626,2.95093,-1.47971,0.503975,
1.21476,-0.257793,0.116194,-2.59711,-0.267736,0.345296,-1.1373,0.0548748,0.630168,
1.42159,-0.939753,0.11023,-2.58506,-0.0943465,0.770644,-1.10205,-0.573004,0.162758,
0.598116,2.88437,0.444359,1.18905,2.39184,0.00128605,-1.28226,2.44677,0.0593783,
0.496185,-1.7654,0.0519647,0.343272,1.82406,0.489934,-2.47662,1.23119,0.361343,
-2.13079,-1.85885,0.0375741,-1.70365,0.926623,0.0758658,2.05598,-1.42871,0.665561,
1.08454,2.14185,0.263021,-1.68515,-3.05376,0.404218,-0.304062,-2.38531,-0.0849271,
0.982565,2.02367,0.146157,-0.71542,-0.780408,0.258824,2.12289,-2.9481,0.506505,
-1.97413,-1.97181,-0.00947034,0.85157,2.16688,0.167447,-1.89621,-1.68433,0.854039,
-0.607804,-0.0926581,0.394431,-2.08644,-0.271308,0.705983,1.84358,-2.66784,0.0642846,
-1.77176,0.67861,0.318127,-2.18599,-0.858255,0.376382,0.874495,-0.304225,0.0353806,
1.5944,1.25756,0.282281,-0.736497,2.73367,0.000518198,-1.45123,-1.34233,0.638729,
1.90413,0.20441,0.386705,-2.35643,0.0581915,0.232788,2.75914,-0.503661,0.241845,
1.31978,1.2682,0.217217,-2.0898,-1.01536,0.034682,-2.64515,-2.8337,0.724337,
-4.08298,1.90114,0.133876,0.219208,-1.97333,0.107601,1.2379,2.59817,0.38683,
-0.285319,0.915932,0.253888,-1.9107,2.91918,0.16306,-1.98214,1.32521,0.238292,
-1.96433,0.177817,0.451818,1.82956,-1.83195,0.14514,2.19264,2.79959,0.278651,
-1.44691,-0.363602,0.0260568,-1.91882,-1.6169,0.302086,1.66255,0.92905,0.163372,
2.10389,0.333584,0.843332,1.62006,-3.06709,-0.0480713,1.3019,-2.3197,0.440687,
2.5841,-2.30659,0.120169,-2.15965,0.877629,0.374127,-0.796859,-3.12743,0.199626,
-1.79648,0.705737,0.252523,-1.22212,-1.20046,0.279765,-2.85795,-0.616882,0.396495,
-1.54572,-2.35513,0.0812789,-1.7139,-2.03895,0.268617,-1.36663,2.2724,0.436161,
-2.69811,1.50953,0.0947699,-0.383368,-1.10052,-0.19519,1.57252,-0.0157909,0.793788,
4.96791,-0.713981,0.0429031,3.19996,2.46676,0.112203,0.617176,-3.45766,0.124772,
-2.59229,2.1822,0.157262,-1.53819,-1.84542,0.040027,2.3682,2.36476,0.217614,
1.71333,-0.122134,0.634559,-0.158434,1.46988,0.305495,0.959324,-1.04171,0.48915,
1.92991,-0.0408812,0.491639,1.92451,-0.995756,0.300882,1.23769,1.68409,0.217231,
1.59223,-2.76889,0.0168082,0.999292,-1.13907,0.258497,2.18429,0.565218,0.440784,
0.00223755,-0.168448,0.110512,-2.09985,-0.826929,0.293347,1.35001,-2.09658,0.11878,
-1.90348,-2.64185,0.0160099,1.2145,0.467132,-0.029903,-0.902865,-2.65354,0.402666,
-0.905049,-0.303177,0.251438,-1.51217,1.33112,0.256768,2.04541,-2.00247,0.517655,
-2.60614,0.348464,0.299446,1.58397,-1.90621,0.0109911,-2.85639,-0.0281702,0.20407,
0.858035,0.727033,0.121002,-2.16494,-0.410791,0.845653,-0.0313689,2.52357,0.438365,
2.38729,-0.259987,0.0294044,-2.12035,0.0650741,1.04182,0.192912,-0.241759,0.306795,
0.344407,0.660632,0.392801,-2.26099,-0.431858,0.250391,2.46976,-1.69582,0.802442,
0.88825,-0.160715,-0.0258732,3.25599,1.85425,0.489987,0.613862,-0.0673034,0.0879577,
-1.25083,1.9197,0.311058,-2.34747,-1.80357,0.258891,1.58752,-3.5375,0.208755,
2.2329,-2.59101,0.0425888,-1.14624,0.183293,1.27613,1.72443,-3.05856,0.383165,
2.2448,0.317067,0.365982,1.13971,-2.00231,0.232849,-2.27066,1.82613,0.309544,
2.00088,-0.717843,0.448562,-0.00528317,0.681036,0.0646054,-2.07985,1.44322,0.345335,
-0.240911,-0.0958134,0.300192,2.85976,0.298369,1.07523,2.85105,1.04735,0.248118,
0.971892,-0.971574,0.246917,2.42447,1.38812,0.605844,1.01117,-2.2068,0.496743,
-0.945788,-0.0115213,0.0278048,-1.57786,-1.11667,0.108079,-2.05998,-1.98321,0.421675,
-0.592108,1.48087,0.0871069,1.37435,-1.42001,0.171976,2.59956,-0.603795,0.594877,
-2.60105,2.24704,0.181504,-2.3852,2.16278,0.00545591,2.77978,-1.94992,0.53284,
-0.913446,1.23005,-0.0908295,-2.65008,-0.683197,0.297132,-1.78365,2.55905,0.519931,
0.207092,0.182553,0.494679,-2.69814,-2.39865,0.367292,-0.742791,1.22311,0.221464,
-2.68427,0.537704,0.293553,1.86828,-2.71962,0.32805,1.06077,-0.160214,0.117927,
1.3209,-0.316669,-0.0732526,-2.67017,-0.986354,0.290215,1.58923,-0.515958,0.207145,
0.322703,-2.40207,0.200784,0.362409,1.27492,0.89242,0.4451,-1.42247,0.321451,
-0.669643,-1.76077,-0.0854805,-1.00996,-1.29868,0.252449,2.02883,-0.731305,0.527027,
-0.865245,-1.43496,-0.0693245,-0.957377,0.503301,0.682989,-2.63383,-0.714354,0.0824931,
0.992406,1.64698,0.101729,-2.7595,1.73897,0.161532,-2.59585,-1.21535,0.0575462,
1.13911,-0.879751,-0.017962,1.60996,-3.01415,0.0681014,2.39728,-3.03252,0.443445,
-2.84276,3.03102,0.0756522,1.18754,-2.74788,0.0603345,-1.72437,-2.20385,0.424986,
-0.20892,-1.25071,0.0281556,-0.892731,1.50494,0.194561,1.77464,-1.90002,0.353199,
-0.413664,0.508035,0.554655,0.979733,-2.35977,0.0660742,0.652685,-1.59395,0.302107,
-3.36248,-1.53907,0.172814,-0.573083,0.741334,0.142738,0.200683,-2.71063,0.18266,
-0.42694,-3.16987,0.172417,-0.823824,1.95162,0.600758,-2.77728,-0.523464,0.464601,
-2.31094,0.81832,-0.148636,1.36236,-0.238429,0.321851,3.00512,-2.88053,0.0982983,
2.33571,-2.55059,0.0652024,0.68717,0.0893942,1.23408,1.76074,-1.10324,0.15179,
1.08236,1.94576,-0.12986,-1.57347,2.06153,-0.091172,0.182522,2.41552,0.459006,
-0.135582,2.61868,-0.0275745,1.44118,-0.694874,0.265448,0.0980325,2.63703,0.475673,
-1.01116,-0.140796,0.266715,-2.87877,-0.0521371,0.738379,-2.03679,1.86575,0.62849,
-1.00085,1.28785,0.153271,0.992832,2.76362,0.459004,0.957653,-0.0300034,0.0306589,
1.41429,-0.558296,0.274716,1.0407,0.301318,1.33753,-1.56327,-0.829127,0.33231,
0.199891,-0.369262,0.384514,-1.40719,0.519768,0.44429,2.95798,1.8204,0.433182,
-2.1056,2.59014,0.408097,-0.998165,0.800331,0.0222756,3.45116,2.45969,0.119268,
-1.8667,2.43425,0.317072,-0.550599,-2.90182,0.077631,2.40317,1.02686,0.149526,
1.01728,-3.10599,0.00870031,-1.30352,-2.28055,0.270512,-0.111089,2.86726,0.23721,
2.92694,1.25557,0.186794,1.69336,1.0267,0.415581,-2.72518,-0.149536,0.111248,
-0.851879,-0.0120344,1.42382,2.54915,-0.187926,0.749964,0.693807,2.71195,0.158,
-2.35723,0.0428835,-0.0594257,2.59798,3.17927,0.0554567,1.43848,-0.534598,0.507609,
-1.23849,2.1725,0.0897475,-1.26706,-2.78185,0.0754013,2.52838,1.27415,0.41817,
-0.0158186,-0.117321,0.873719,-0.881081,0.382055,0.142828,-1.56779,0.788132,0.694948,
-0.606035,0.986651,0.321642,-1.90931,0.180137,0.143031,0.802029,0.135114,0.308031,
-0.412653,0.184992,1.07152,0.677084,-1.99624,-0.0199548,-1.26443,-3.28533,0.755172,
-2.8637,-1.49046,0.148683,1.28051,-2.25236,0.0597785,-1.97612,0.264363,0.105247,
1.7876,-2.94413,0.0826088,-2.80415,1.54909,0.460287,2.04929,-1.19149,0.0319421,
-1.7817,-2.07788,0.102432,0.345402,-4.07895,0.261662,-2.83649,1.0648,0.0938306,
2.05296,-2.1921,0.304703,-2.22242,1.29761,0.0602382,-2.29427,1.96536,0.326383,
2.56876,-0.966497,0.0953968,2.27303,-0.145991,0.513326,-2.04383,-3.11691,0.439306,
-1.09789,0.699909,0.451631,0.459823,0.834766,-0.0239501,-2.63022,1.3601,0.00797212,
-2.6095,0.372218,0.570951,0.143697,-2.00894,0.233712,-1.68037,0.456787,0.131766,
0.91028,0.976345,0.435865,0.648156,-1.24225,0.174153,0.348386,-0.288109,0.127342,
-1.98061,1.31731,0.0665933,0.230579,0.0199545,0.352514,2.14453,1.90509,0.3626,
1.36551,-2.38002,0.0524849,2.40239,1.84637,0.0747575,-1.4513,-1.49609,0.571558,
1.75483,-0.574794,0.360381,-0.228418,2.02358,0.238544,0.187418,-0.094596,0.648457,
-0.24579,1.14603,0.0936127,2.59981,-1.49426,-0.0650295,-3.00577,-0.020026,0.825254,
-2.97706,0.000486894,0.684135,-1.69301,2.36576,0.265334,-2.5441,0.537904,-0.0384372,
2.89589,2.40084,0.236796,2.25646,-1.44521,0.240497,0.828194,-2.58212,0.294892,
2.44362,0.704299,0.0785795,-1.66533,-1.47835,0.358559,2.71157,1.45469,0.265505,
3.08636,-0.840607,0.13718,1.03579,-0.144915,0.537102,0.596466,-0.917989,-0.00381712,
-2.50292,-3.04896,0.0871283,3.02016,2.629,0.0639502,-2.45036,-2.26852,0.333608,
-2.21461,0.708893,0.265379,-1.36566,-0.739693,0.365101,0.762635,-0.696583,0.0757644,
0.016105,-1.57068,0.0779254,-1.6462,2.92578,0.144133,1.15715,-0.849381,0.942746,
-0.676478,0.0905299,0.766215,-1.68987,-1.20984,0.206751,2.86359,-0.841087,0.613107,
1.4062,1.78069,0.18137,0.245038,-0.483281,0.130571,1.48783,-0.445766,0.364512,
0.43501,0.00202897,1.09533,-1.10193,-0.605689,0.641006,1.28689,-1.91844,0.179834,
-2.72024,-1.70394,-0.00858973,0.223558,0.207226,-0.0944808,-2.98809,-1.1232,0.496791,
0.608225,-0.193481,0.398303,-0.0210933,-2.47169,0.188464,0.489397,2.77582,0.417974,
0.996626,2.84554,0.307282,-1.01358,2.62585,0.128596,0.169822,0.443667,0.0585143,
0.329461,-0.889452,0.0128794,-0.149919,2.72871,0.0872176,-2.14075,0.856966,0.254564,
-2.72531,0.563879,0.130794,-2.14066,-0.471811,0.371848,-1.0447,2.38195,0.00292441,
0.252133,0.0648463,0.862247,-1.49559,-2.93644,0.232319,0.296529,1.35477,1.09891,
-2.33175,-1.43606,-0.0112197,2.14334,-1.39569,0.430732,-1.96787,0.224488,0.237168,
0.226642,-1.10876,-0.0560376,-1.19135,-3.08295,0.160183,0.563218,0.0426693,0.608879,
-3.07168,1.9092,0.185759,-3.18864,-0.15741,0.309466,-0.971396,-2.37377,0.203404,
-1.85603,0.902282,0.12072,1.83592,2.10716,0.321671,0.903969,2.54489,0.104688,
1.7109,3.19151,0.201116,-1.31809,-2.78838,0.0596961,-2.53915,0.520534,0.14194,
-1.05177,-0.682608,-0.324392,-2.22072,-1.22124,0.355972,-0.643042,-2.55456,0.149357,
2.0995,-0.453044,-0.00748756,0.201669,-1.4469,0.428562,-2.3839,-2.24345,0.135547,
-2.40634,0.218156,0.042815,-0.317364,-1.73166,0.16172,-0.753719,-0.598423,0.307581,
0.197777,-0.0250051,1.79133,2.96409,-0.00557307,0.125949,-1.00422,0.813018,0.624328,
1.88654,-0.49356,0.283581,-1.01256,-0.0899143,0.145282,-1.81069,0.315863,1.04455,
1.88664,-1.16529,0.214264,-1.33353,0.945919,-0.0245797,-1.68771,3.16937,0.521529,
-2.05574,-0.0524914,0.358831,2.57309,-0.215693,0.600518,0.6932,-0.650217,0.312376,
0.444115,2.50044,0.138715,-2.1546,0.495866,0.0933587,3.12077,-1.3323,0.57845,
3.49016,-3.07508,0.332181,0.943471,0.598374,0.0334982,-0.816086,-2.77867,0.115625,
1.01611,-0.804725,0.618254,-2.61184,0.687322,0.117544,-1.50966,-1.40509,0.0723449,
1.57409,-2.20863,-0.0164408,-2.28482,-2.55741,0.413956,0.077188,0.830136,0.140607,
-2.51735,-1.00257,0.0209215,0.962094,-0.913975,-0.014412,-2.44332,-1.13395,0.477929,
0.0725329,3.1171,0.115109,1.23832,-2.83487,-0.00424239,4.17487,-4.20909,0.253673,
1.21526,-0.980405,0.171418,0.482612,2.64744,0.201127,-1.43824,1.18475,0.440349,
-1.7625,1.52936,0.188172,2.08041,1.8204,0.261561,3.29907,-2.24099,0.235291,
2.0691,1.3606,0.0483322,2.60526,0.280988,0.138517,4.00258,-4.05696,0.0785444,
-0.141137,3.10283,0.309304,1.65795,1.10133,0.101958,-2.21841,3.00568,0.114873,
1.99928,-0.878786,0.132956,-0.797727,-1.33951,0.290416,-2.57928,-1.89518,0.207612,
-0.527737,3.01027,0.122055,-0.809527,-0.166901,0.270831,-3.26672,-2.19059,0.165248,
-3.24157,0.739982,0.297543,2.03354,-0.500026,0.146458,1.64926,0.401937,0.239686,
2.39013,-0.329087,0.237452,-2.62265,-2.70255,0.172767,0.979553,1.8236,0.424938,
-0.125283,0.282368,0.333153,0.413475,0.0400203,0.278088,1.13037,-0.714722,0.879436,
-0.870818,0.502155,0.143984,-0.34372,-0.594934,0.51108,2.58848,2.26487,0.54739,
0.376035,-1.13907,0.119807,-2.41041,-0.106876,0.802271,1.91753,2.22004,0.317069,
-0.559506,0.0189262,0.129432,-1.34938,-0.636489,-0.0134006,-2.83414,0.26015,0.787218,
-1.76284,0.0430432,0.383981,2.76714,-1.57922,0.243621,0.639599,-0.869486,0.403784,
1.38811,-1.18498,0.016962,1.4264,0.268581,0.20974,1.28002,-0.372653,0.660269,
-3.07115,-3.02381,0.132617,1.23009,-2.81603,0.085184,3.69043,-0.835979,0.10286,
1.75607,2.19003,0.320599,-2.69514,0.306387,0.0794451,-0.832287,2.67844,0.0445277,
2.41239,-0.394275,0.0767733,1.91171,-0.878278,0.461419,1.05789,1.7832,0.44542,
2.43818,-1.24888,0.148147,-2.57169,1.44267,0.280038,2.19456,2.0933,0.125504,
-1.74778,1.67712,0.248573,-2.40506,-1.10597,0.189114,1.65606,1.83147,0.128268,
0.991919,2.61916,-0.0227922,0.777249,3.10431,0.271386,-2.43401,1.32801,0.310479,
-0.916371,0.0147561,0.331185,-0.945697,-1.31477,0.263613,2.14903,-0.446235,0.171318,
-2.5405,0.678468,0.389737,2.79359,0.562756,0.115652,-3.02025,-2.7603,0.610417,
-1.73273,0.978193,0.363702,0.984576,-1.65099,0.581502,-2.67811,-0.162905,0.0778733,
-0.248842,2.3978,0.173253,-0.341785,-1.98968,0.54346,1.50093,2.02709,0.0616458,
0.0337362,2.50829,0.184663,0.106275,-0.770285,0.211969,-0.621988,-2.0219,0.158412,
-1.81867,0.221407,0.527328,-2.1285,1.27417,0.2296,-2.94279,-1.48093,0.264842,
2.48064,0.805522,0.068555,0.0190792,-1.02086,0.411276,0.517413,-0.747186,0.361087,
-1.30606,0.101088,0.278502,-1.4478,1.29401,0.219848,1.67282,2.75942,0.383188,
1.57844,-1.09418,0.0464141,-0.279865,-1.49035,0.447608,1.65748,2.05982,0.148322,
1.47655,0.602291,0.440317,-1.86641,1.82127,0.299575,0.269781,-1.68261,0.065121,
1.50182,-0.399712,0.0768601,2.51663,-1.81544,0.15488,-1.4633,0.220978,0.205819,
-3.04234,-0.924909,0.267949,0.217345,2.68706,0.242755,-0.323238,-1.64128,0.334898,
1.23611,1.07551,0.150285,-0.250413,0.746781,0.1559,-1.86646,-2.33978,0.670766,
-2.76045,0.138128,0.21749,1.6605,-2.6844,0.0767125,-1.60534,1.42722,0.322982,
0.0416556,-0.898642,0.245092,-0.741665,2.88345,0.315633,-2.38262,-1.22529,0.117382,
-2.00842,0.328132,0.496098,2.87808,-1.74238,0.267437,0.754664,0.213362,0.775148,
0.318098,-2.41298,-0.00593663,1.23016,1.47302,0.0780935,-2.10023,-0.811875,0.715228,
1.19643,0.706839,0.155346,-1.5156,-0.236171,-0.115939,-0.231323,-2.64303,0.450537,
2.65739,0.483604,-0.0290334,1.3179,-0.220627,0.526334,-2.17737,-0.532972,0.420114,
0.14743,0.853723,0.47608,2.96849,-2.2719,0.39054,-2.42467,1.74878,0.0999953,
1.96243,2.24033,0.106539,-2.60375,-1.57736,0.410213,0.718357,1.79612,0.26507,
-1.45758,3.10774,0.102558,2.02415,-2.02815,0.047901,0.593451,2.55376,0.269175,
0.316123,0.602156,0.444228,0.434082,-2.02771,0.147913,2.02567,1.05061,0.189869,
0.449667,0.835333,0.266387,-2.63303,2.1191,0.249545,-0.108808,-1.16492,0.0938012,
1.21398,1.892,0.180671,0.53305,0.0511385,0.443907,-2.56201,-0.727021,0.256506,
-0.678375,-0.136307,0.555143,-2.00887,0.168051,0.661124,-2.48479,-0.409925,0.247353,
0.0684394,-0.101361,0.992643,-0.485695,-2.25089,0.0889943,0.625603,1.93056,0.643505,
0.240516,-1.27046,-0.119788,1.21229,0.655687,0.568566,-2.17649,0.503783,0.0307981,
2.15361,-0.837949,0.202279,2.4844,2.91018,0.253497,-0.809315,-3.03658,0.192438,
-1.81826,3.30707,0.0264339,-2.26805,2.52251,0.0731115,-2.5833,-0.386645,0.484785,
2.34934,0.314146,0.324939,0.3949,-2.24567,0.024747,1.14344,-0.639073,0.273111,
-1.83706,-0.573641,-0.0154151,0.184899,-0.125355,1.12251,2.50604,0.0443707,0.376219,
0.705292,-0.382336,0.497421,2.35647,-2.00708,0.104652,1.90644,2.92758,0.355323,
1.74373,2.14798,0.243007,1.60779,2.16799,0.00844645,-2.28455,-0.720894,0.257181,
-2.57113,0.212013,0.264878,1.78328,-2.71136,0.169604,1.71274,0.16081,0.521416,
0.778734,-2.40605,0.0474153,-0.127557,-0.768222,0.0304715,1.34491,-3.1929,0.297875,
-2.08965,2.18756,-0.00118209,-1.37002,-1.3775,0.0479333,1.15523,2.23486,0.315148,
0.183684,2.01108,0.0875456,0.113909,0.58295,0.347151,1.18109,2.61758,0.285826,
-0.976318,-1.744,0.0725736,0.700942,0.260842,0.790396,-1.33876,-0.0351805,2.65006,
2.77759,-2.06113,-0.0466435,-2.49318,0.934197,0.501728,3.03953,-1.44678,0.185544,
-2.11988,0.411688,0.382436,0.378686,-0.519459,0.70187,-2.60496,1.24654,0.0872114,
-2.6432,2.08796,0.0894134,2.60021,-0.890431,0.736731,1.2322,2.30978,0.0748275,
-0.414497,-1.56936,0.465769,-2.16933,0.258734,0.11191,-2.91446,2.20467,0.0668364,
-0.420573,-2.28594,0.0282558,1.79226,0.793614,0.0187278,-1.09258,-1.37237,0.487848,
-1.7019,-1.00075,0.198977,-0.837286,1.01138,0.577272,-2.16495,0.358851,0.0818844,
1.6009,2.019,0.259555,-2.86199,2.28968,0.164478,-3.28447,-1.35023,0.243693,
0.463492,0.616522,0.410579,-2.01226,-2.93249,0.203288,-2.89603,0.619344,0.49059,
-1.36795,-1.34927,0.250061,1.79828,3.07074,0.185418,-1.88762,-0.96679,0.324551,
-1.18219,-1.5966,0.320807,0.667313,0.19892,0.0778262,1.4777,-2.5216,0.24233,
1.65386,-0.576782,0.118547,-2.69627,2.33038,0.181103,2.03539,2.50331,0.0971794,
2.96541,1.91444,0.109556,0.87395,-0.705894,-0.0041217,-2.50411,2.23938,0.356715,
-0.0724055,-2.60681,0.196408,1.13603,2.37805,0.148579,-0.679016,2.23861,0.382824,
0.688755,1.70565,0.33935,-2.52888,-0.92676,0.106851,-2.36144,-0.0269335,0.19754,
1.54132,-1.20629,0.0770658,-0.383108,-1.06866,0.0158007,-1.42023,-1.72907,0.514756,
4.10336,-0.949663,0.177252,-2.20348,-1.30492,0.136546,1.73362,0.525825,0.171169,
-1.44821,0.876227,0.269045,-2.53873,-1.03412,0.234818,0.514321,2.07647,0.0757654,
1.93132,-1.59318,0.216149,0.345751,0.557922,1.11004,-2.4098,-2.83904,0.260864,
0.233206,-1.09285,0.0620959,-1.09556,0.518258,0.410649,0.749899,2.10425,0.413108,
1.14338,-0.294394,0.0702413,-0.252262,-0.255945,0.0741763,-1.89295,0.846129,0.800667,
2.72523,0.986906,0.392701,-2.41392,-2.36167,0.284906,0.123251,-0.240548,0.071144,
-2.06094,-1.25953,0.173459,2.57363,2.06624,0.681064,0.296469,-2.38207,0.0317,
-2.28612,0.47776,0.102579,-0.121973,-2.92233,0.319737,2.78475,0.0682954,0.2744,
-1.77637,-0.718684,0.182088,1.44642,0.547678,0.075227,-0.121708,-2.35266,0.202347,
-1.50598,-0.621556,0.444031,-0.242681,1.78198,0.231765,0.760391,-0.0936674,0.127832,
1.85174,-1.76825,0.248735,1.49258,2.11797,0.358722,2.99033,-1.2402,0.249064,
0.0721753,2.31026,0.496625,1.34203,2.18705,0.0139415,-1.13597,-0.181414,0.0989265,
0.938404,2.27198,0.224102,-0.0309923,-0.432667,0.259061,2.01543,-2.95077,0.278334,
2.04508,2.48775,0.06373,2.35243,1.51602,0.268236,-2.03656,-0.130421,0.223648,
-1.08022,-1.78392,0.106961,-1.23959,0.68456,0.513275,-0.50021,0.26047,0.300036,
-0.212585,1.08126,0.0741812,1.02555,1.52972,0.333645,-1.54522,0.5206,0.265095,
0.104324,-0.0407811,1.28357,-0.196867,-1.76971,0.216053,-2.03268,-1.0463,0.485787,
2.3791,-1.12664,0.108398,-1.69155,3.19388,0.28393,0.549988,-0.235091,0.148781,
0.437178,0.973459,0.174717,-0.55205,0.139179,0.197707,-0.355191,-1.85463,0.325933,
0.152895,0.103506,0.597827,0.170522,-0.210026,1.7337,-0.84034,2.03223,0.0447171,
0.374525,0.928198,0.0501823,1.63136,-0.63753,0.309758,0.780967,0.497877,0.793483,
1.46743,-0.0804612,0.212358,-0.408503,3.21281,0.0355172,1.37154,-1.04451,0.0288345,
0.295534,0.833705,-0.00432786,-0.918568,-0.731515,0.269794,2.09491,2.43129,0.294609,
-1.63291,-2.4905,0.0107491,-0.937157,-0.567695,0.266644,0.807938,2.1916,0.00439148,
3.16684,-1.02717,0.38588,-2.52745,1.80711,0.286922,2.07553,-0.976103,0.0680416,
2.34728,1.93878,0.135822,0.195096,-1.88572,0.3128,0.16542,1.83994,0.11199,
0.28368,0.618493,0.205138,-0.650401,0.27023,0.190391,-0.973128,0.54669,0.400042,
0.805766,-0.403481,0.402895,1.74294,0.576144,0.61299,0.107347,-1.58347,0.0451811,
-0.0355677,0.144049,0.933079,-1.32907,-0.760607,0.180386,-1.34676,-0.849748,0.741362,
0.0141046,-0.489254,0.284019,-0.288955,-0.00489069,-0.11385,0.659523,1.08138,0.449636,
-0.782431,1.30964,0.33368,-1.72148,-1.70779,0.451311,1.68966,-0.194475,1.2096,
2.73375,-1.77888,0.532826,1.02915,-0.217739,0.055713,-0.983595,-0.701372,0.0580719,
2.58915,-0.0768444,0.0635607,-2.56878,-0.621977,0.147543,2.79369,0.297855,0.127856,
0.317519,-2.62217,0.288307,1.93742,2.05122,0.115571,-1.11181,1.45978,0.243509,
-1.17675,-2.13852,0.157047,0.918135,2.13134,0.217842,-1.39611,-0.695361,0.156536,
-0.273111,-2.75521,0.0957239,-2.06481,1.87542,0.295786,-0.976501,-3.07992,0.253869,
-0.587152,0.601883,0.244459,-1.23218,3.03957,0.0974006,-2.90591,-1.461,0.206751,
-1.34541,-1.17039,-0.00361206,1.0855,-0.00973235,0.0516777,-0.753305,-0.529586,0.43303,
0.00722686,0.470913,0.266828,1.94957,-0.106119,0.408658,1.4616,-0.799523,0.0513042,
-1.49463,-0.100794,0.0137091,-0.333233,0.299932,0.265297,2.57461,2.94704,-0.000607947,
-1.17687,1.32137,0.0157801,-2.09238,2.34116,0.40501,3.18237,2.20509,0.201066,
1.28813,0.674813,0.245517,-0.769616,-1.40472,0.709585,-1.00579,-1.40049,0.231617,
0.325862,0.347747,0.377675,-1.05969,0.747131,0.521696,-1.30783,0.203877,0.0939146,
-0.872073,-0.886535,0.351726,-2.66661,2.49029,0.157984,-1.93505,0.201222,0.582755,
0.877002,0.810587,0.223685,-2.99203,-1.50159,0.0966677,-0.690798,1.46548,0.436267,
2.54759,0.117494,0.0390689,0.792039,0.278794,0.537523,0.135293,0.0463846,0.221522,
-2.5998,-0.136107,0.0589489,1.15741,0.580056,0.288498,2.62947,-0.35791,0.350819,
-0.523591,2.19035,0.241622,1.91639,-1.68556,0.162865,1.8134,-2.35439,-0.0916661,
0.0161886,-0.451304,-0.0568718,-0.313525,-3.09282,0.514006,-2.5349,-1.29774,0.0827035,
1.24292,-0.991427,0.20819,1.05944,2.31402,0.30646,1.40153,-1.96195,0.257911,
-2.05079,-0.839294,0.0860288,0.116374,-9.44031e-05,0.55862,-1.87627,1.95189,0.576312,
-2.01321,1.49443,-0.00156706,2.40991,-0.0180573,0.501993,-1.5341,1.44955,0.0593313,
0.968906,0.417054,-0.00824362,-2.49205,1.94306,0.315001,0.7314,1.83076,0.168513,
1.28055,0.0701939,0.306693,-1.69859,-0.397006,0.085183,2.72992,1.15382,0.338839,
0.0298425,-0.282861,0.156804,2.97037,-0.0541103,0.860634,0.0711765,2.30755,0.13104,
-0.734776,0.079237,0.072567,1.13754,-0.892392,0.193873,-2.16101,0.980104,0.199511,
0.415285,-1.74696,0.316273,2.21347,-1.54984,0.143563,0.194061,0.256758,0.0746729,
-1.46556,0.868213,0.354223,1.80869,0.167712,0.0500078,-2.44188,-2.35368,0.0793179,
-0.0926984,-1.6336,0.559406,1.30818,-1.55074,0.0571472,-2.06232,1.11635,0.0738554,
-1.74279,0.858998,0.113467,-1.80262,-1.6686,0.260845,2.59827,3.18962,0.184665,
1.55688,-0.752564,0.536962,0.474802,1.62881,0.0325003,-2.12982,2.72405,0.234177,
-0.534054,-2.22921,0.320944,1.2752,2.01919,0.100399,-0.767474,0.53772,0.249283,
-0.723148,0.339545,0.228615,0.675047,-1.42195,0.298291,2.06054,-2.55965,0.219929,
-0.488363,-1.15228,-0.0245365,2.47357,-0.597107,0.426829,-0.731471,0.260557,0.252701,
0.302217,-0.0640898,1.35133,-1.63075,-2.6065,0.185144,-1.15208,1.82197,0.492113,
0.719844,0.345632,0.616205,-1.50386,-1.62236,0.119662,-2.42345,-0.698432,0.198494,
0.25615,0.387781,0.154358,-0.743368,-1.52587,0.400008,1.123,-0.937295,0.0522263,
-2.66156,-2.22752,0.141524,2.16401,-0.950573,0.248486,0.697995,1.63288,0.0577306,
-1.5381,1.51858,0.163559,0.988666,-0.976106,0.0172828,1.55325,2.06386,0.261478,
-1.85713,2.99788,0.00812278,0.908192,-1.87708,0.251996,0.548201,0.322627,0.43711,
-0.269232,0.471578,0.449181,1.23526,-1.72572,0.140331,1.86207,0.752605,0.220584,
1.23836,0.176347,0.216455,-0.757846,2.78703,0.101707,-2.63803,-0.237747,0.040372,
0.125915,0.368183,0.430791,1.25928,-2.46915,0.209621,0.575262,0.572295,0.963207,
-2.73482,-0.234452,0.133549,2.92935,0.14965,0.51758,-2.29001,-2.01552,0.489877,
0.253146,0.488334,0.478406,-0.0770618,-2.91167,0.335351,2.29169,2.7829,0.842272,
-0.172511,-0.151356,0.261032,0.571381,-1.81196,0.19951,-0.961226,0.880775,0.766623,
-1.56275,-2.37081,0.0289904,0.180125,0.961571,0.287233,0.973497,-2.12299,0.427649,
0.431749,0.64398,0.312491,1.56002,1.70063,0.154868,2.55303,-0.164159,0.294784,
-1.0686,0.281176,0.538943,2.73384,-1.49633,0.150258,-2.20196,2.33891,0.00912165,
0.550793,-0.174167,0.39659,-1.4544,1.30335,0.400447,1.19502,3.11481,0.250093,
-2.00106,2.66955,0.203954,0.496647,-1.32613,0.0645585,1.84101,0.54085,0.173477,
-0.087722,0.0365272,-0.125762,2.14184,1.33334,0.172554,0.947874,-2.87289,0.556445,
-0.905943,-0.690604,0.165189,1.06094,0.647369,0.0311418,-2.3224,2.06071,0.440379,
-0.200928,2.77446,0.0399684,-1.09903,-2.59361,0.178177,1.1414,-2.44427,0.408064,
0.68989,-0.530325,-0.0459516,0.391047,-2.953,0.34018,1.9501,2.9743,0.133128,
2.84513,0.0284691,0.0796221,-1.55904,0.477279,0.184295,-0.523087,0.236022,0.848961,
-3.01785,-1.56205,0.157094,3.01108,-2.88896,0.165878,0.0171079,-0.687348,0.208174,
-1.56538,0.559312,0.497195,1.62138,-1.07672,0.494584,0.975507,-0.710413,-0.180917,
1.42233,0.235346,0.196633,-1.02243,-1.54261,0.364313,-2.2561,0.521791,0.231762,
0.287084,1.47449,0.143792,-0.636512,-2.98346,0.189796,-1.02409,-2.25325,0.399556,
1.81215,-0.689348,0.258563,-1.86881,2.30569,0.135473,-0.24709,-1.53348,0.543982,
-3.51769,2.11799,0.1035,2.30367,-1.48629,0.0637178,-2.48538,-0.840442,0.0145231,
2.43607,-0.0576939,0.0607044,-0.306363,-1.70756,0.371559,-1.52871,-2.04585,0.177785,
0.721783,-1.72956,0.0537018,2.42761,-0.234068,0.230841,-2.21602,-0.696161,0.11736,
0.73497,0.301903,0.149751,0.331817,0.784841,0.249791,1.921,-0.691889,0.533461,
-0.780581,-0.0935172,0.186437,1.66955,2.83233,0.181593,2.98624,-2.96257,0.270541,
0.847805,0.440282,0.172408,1.59278,-0.507822,0.424119,2.68189,0.841744,0.303166,
-2.43449,0.16135,0.758426,1.51656,-0.524474,0.334773,2.6926,0.105335,0.494156,
-0.473393,2.92686,0.102917,-2.7811,0.675586,0.0154953,2.76756,-1.62188,0.527414,
-1.42533,-2.16318,0.453579,2.05369,-0.228725,0.0788003,-1.45637,-1.89503,0.0694467,
1.64838,0.332772,0.00369026,-0.29707,1.82887,0.205773,-1.45722,0.513253,0.139158,
0.690343,-0.403644,0.60136,-1.61975,-2.74346,0.178131,1.47802,0.100708,0.185102,
0.870692,2.04915,0.00558334,0.456819,-1.23728,0.0253358,-2.64514,1.58889,0.494058,
0.51344,-0.00355377,-0.0103848,-0.453002,-2.78195,0.0849714,1.75437,0.913758,0.301572,
-4.89208,0.985582,0.0384083,-0.848149,2.06663,0.182342,2.44901,1.04028,0.0325402,
0.512963,0.511236,0.140917,0.264619,0.192481,0.380338,-0.68141,-0.853008,0.223499,
0.393019,-0.94172,-0.0170308,-0.822061,-0.644564,0.232176,-1.89676,2.64477,0.0581041,
2.43176,0.846817,-0.0134365,-1.01351,-0.771176,0.0733706,-1.45097,2.28816,0.18392,
0.0765518,1.63296,0.229499,3.16473,2.64821,0.0707771,-0.998057,-2.59325,0.0126521,
0.149326,0.40828,0.716662,-1.17387,-2.9589,0.212538,1.64991,-2.77699,0.13683,
-0.999785,-0.501142,0.0505154,2.87345,1.08962,0.0524307,0.168102,-1.06809,0.353944,
0.0490004,1.94482,0.134132,-1.46454,0.893843,0.0225318,0.380742,2.10404,0.22701,
-0.365735,-0.989245,0.34954,-1.04704,0.129665,0.0580364,-1.99522,-0.847119,0.234221,
-1.62518,0.858433,0.0275207,-3.20456,0.732644,0.289199,-0.117005,-2.30758,0.17757,
0.0274862,-0.0539685,0.416506,2.43892,2.67536,0.231936,-2.68245,-2.0403,0.814544,
-1.70099,-0.258547,0.3308,1.55209,0.130855,1.52358,0.315622,-0.753915,-0.0180816,
0.415945,3.05745,0.181421,-1.42892,0.961325,0.212788,2.06108,-2.52566,0.0903826,
-0.623322,1.1,-0.00885569,1.24757,2.47897,-0.00313735,-0.0701232,-0.37668,0.217746,
0.70614,0.389564,0.508435,0.515321,1.3005,0.240252,1.85933,-2.64545,0.237407,
0.0784176,0.297278,-0.0612508,1.31278,0.194657,0.942696,0.131518,-2.23217,0.234175,
-2.51954,0.0298861,0.180838,2.13655,-0.229242,0.554829,-1.04928,2.37508,0.418806,
-0.195935,-2.92061,0.0336144,1.36115,-1.28275,-0.0517051,-1.91766,0.831486,0.743695,
2.30132,1.70308,0.208558,-2.19816,2.61563,0.227338,-1.25396,-2.98374,0.133643,
-0.88455,-1.19706,0.326011,1.51791,2.85946,0.0985492,-2.27753,1.98286,0.229335,
-0.174904,-0.515906,-0.0772592,-0.0607929,-1.20132,0.387125,-2.85636,1.91195,0.636544,
-1.37226,0.770351,0.0339306,0.89612,0.371691,0.684808,-2.63268,0.293329,0.22186,
-1.12602,-0.97956,0.261888,-1.27288,1.88518,0.209653,-1.63098,-2.91269,0.0831916,
-1.66053,-1.54998,0.0919164,1.91701,1.97113,0.135691,-2.45127,0.45188,0.249934,
0.443116,-0.184199,0.530006,-2.73183,0.385011,0.0130871,2.59272,-1.73967,0.488732,
0.0828197,0.867193,0.443399,-2.51736,1.55563,0.215473,0.439959,1.99733,0.132433,
0.553153,-0.278321,0.495758,-1.39326,1.32269,0.0704133,2.37362,-0.310664,0.531312,
-0.776001,0.268119,0.392828,-0.724988,0.965766,0.0768144,2.31168,0.0990552,0.247387,
0.115908,1.22933,-0.0202891,-0.202884,2.45243,0.301376,2.18987,-0.325307,0.0582836,
1.36056,-0.736614,0.0324794,-2.36481,2.96997,0.183358,0.855318,0.42885,0.340706,
0.704842,-0.84585,0.227919,-1.50361,0.647749,0.396535,2.80169,1.89126,0.606716,
-0.937976,0.471866,0.187932,-2.91623,-1.75532,0.164718,1.63755,-0.695395,0.747325,
2.23379,-1.3114,0.241344,0.627599,1.73044,0.566437,-2.43559,-2.33581,0.309967,
-2.03702,1.83464,0.0232025,0.279308,-0.904049,0.679169,0.518806,0.540328,0.151522,
-3.07209,0.11773,0.39242,2.47109,0.766391,0.402092,-2.26867,-0.0418024,0.341577,
2.15001,-0.728603,0.053785,-2.33805,0.625967,0.57775,-2.14473,-1.90519,0.387311,
0.796668,0.973469,0.428447,-2.71083,-1.00811,0.163091,-1.01842,-0.534874,0.177322,
0.618363,-1.2508,-0.0233312,0.386325,2.49794,0.2093,-1.22132,2.47242,0.102931,
-0.349918,-2.86492,0.202531,-0.961946,2.1422,0.152174,0.709117,-1.5585,0.407285,
-1.01935,0.249616,0.307996,-1.29984,3.04937,0.0946461,0.50856,0.947007,0.208054,
2.12447,0.352809,0.144506,-2.47339,1.5607,0.157262,-1.48842,0.11652,0.13756,
0.633938,-0.216149,0.196752,-1.63237,0.755609,0.325229,1.25821,-1.23649,0.476142,
0.153052,0.356933,0.29358,-0.805522,-1.63759,0.160842,1.90966,0.0884875,0.759258,
2.3362,0.776314,0.109569,-0.887007,-0.0923286,1.25061,-2.28166,1.8663,0.106951,
-2.93637,-2.4746,0.166811,3.14092,1.99281,0.132972,2.11551,1.95804,0.174404,
-1.20841,-2.09037,0.143407,0.611042,0.0998854,0.386631,-1.67816,-1.18859,0.0587908,
-0.592238,0.204324,0.291336,0.290054,1.01984,0.071499,-1.66416,-0.72173,0.162459,
0.614039,-2.18959,0.00665755,-0.1546,2.36825,-0.00280467,2.05867,0.0593592,0.592793,
-0.0284358,1.34343,0.0940597,-0.401537,-1.49817,0.0973503,1.86359,-0.152822,0.401286,
0.94974,-1.69997,-0.011058,-1.07155,0.5642,0.129164,1.86516,1.4961,0.186571,
-0.626942,-0.674723,0.0393813,1.25416,-0.245558,0.200001,-2.82524,1.36375,0.103178,
2.36053,1.53065,0.0263345,-2.59404,-0.290244,0.19406,2.49899,2.17132,0.0603583,
-0.233703,1.40742,0.167235,-0.742577,-2.06432,0.102587,0.369113,1.47077,0.439364,
2.02813,2.44413,0.151888,2.79823,-2.27659,0.227487,-1.78512,0.410057,0.642549,
0.246678,0.515857,0.207102,0.893957,-0.454367,0.433764,-1.24595,1.97017,0.11403,
-2.02954,0.0994234,0.191922,2.90212,0.534491,0.712799,-2.34674,2.40863,-0.00720667,
-0.169289,-0.0900348,0.938029,-0.0851033,0.662296,0.530696,1.52191,0.953641,0.397059,
0.560186,2.74204,0.120837,2.23173,-1.52819,0.0892671,-2.71956,-0.824514,0.395727,
-1.51238,0.290398,0.155067,1.8381,0.466151,0.232527,-1.04832,-0.61997,0.228015,
0.598119,-1.65804,0.148146,0.0329163,0.819203,0.252366,-1.0169,0.159922,0.257994,
1.76187,2.44034,0.0501498,-1.00991,-2.00936,0.241961,-1.96064,0.775808,0.562125,
-1.83884,-1.77985,0.184456,1.43157,2.58243,0.176943,-0.39653,-0.434578,0.0325132,
0.243434,0.304273,0.37138,-1.56225,-0.789433,0.167925,1.13439,-1.40097,0.327104,
