-1.99938 0.020835 7.30404 1.68676 0.635048 0.536611 2.5473 -0.924147 1.20191 
-2.74592 0.0129685 7.88984 0.831999 -1.13366 0.211986 2.28091 -1.43607 0.330312 
1.84766 -0.0169118 0.495119 -2.95425 -0.0121285 9.46071 -1.35246 -0.0944564 0.976315 
1.26191 -0.0296233 7.83451 -1.88464 -2.60898 0.329605 1.7141 0.545447 0.106375 
0.875318 -2.87682 0.0891798 1.17618 -1.48447 0.0601585 2.13537 0.0442371 0.949918 
2.54392 0.0161012 6.4001 -2.6791 0.751774 0.092103 0.163421 2.09433 0.480435 
-2.08811 0.01759 4.89991 -1.39642 0.887131 0.285784 -2.76689 -2.24152 0.106933 
-2.71229 -1.21096 0.0640956 -2.31634 1.50365 0.128832 -1.21876 3.05846 0.306237 
-2.84236 -1.46027 0.34393 -2.7024 -1.62712 0.0826523 -2.80386 0.236085 0.232469 
2.37766 -0.309164 0.203967 1.79584 1.76294 0.198547 1.68634 1.27122 0.292041 
2.43772 1.86686 0.145832 -1.32211 0.0581988 0.0692873 0.34341 0.0896983 0.340004 
-2.6876 0.012344 4.43212 2.5699 0.0352094 2.3516 0.291069 -2.23037 0.612313 
2.80626 2.37597 0.019322 2.19187 1.31482 0.604996 -0.972804 -1.9158 0.0713003 
2.42668 -0.0267944 3.66248 1.18453 1.88164 0.152184 1.78668 2.01115 0.301566 
0.299082 -0.139328 0.587876 1.12381 1.55779 0.107688 0.229865 1.58012 0.518215 
1.66521 -0.00653344 6.71829 1.5803 0.0290293 2.90584 -2.19409 2.03252 0.359028 
2.8682 -0.0249327 3.47821 1.30855 -2.26495 0.101687 -2.36539 1.80876 0.600696 
-2.5592 -1.23147 0.19089 -0.82045 -1.36437 0.0391242 1.10777 2.29214 0.621426 
2.8325 -0.473683 0.292808 -2.47034 -0.414004 0.132752 -1.03889 2.70125 0.532713 
-2.5554 0.122099 0.890851 -2.77432 1.4073 0.364041 -0.527722 1.32494 0.101122 
2.56214 0.823137 0.342255 -0.356214 0.410269 0.0875676 2.88629 0.0149454 0.519744 
2.8133 -1.08751 0.308833 -1.88265 0.749764 0.322878 2.71201 -0.867139 0.0695958 
0.551149 0.435264 0.413624 -2.43273 2.50509 0.448359 -2.79492 -2.21364 0.0549767 
1.52833 0.481687 0.0919665 1.66115 0.0590908 0.0262318 -0.113503 1.33869 0.279279 
-1.79408 2.85732 0.351782 1.54144 -1.06982 0.0797124 -0.627917 1.79169 0.137877 
1.2962 0.0127243 5.36941 -1.5476 -1.83744 0.366143 2.63353 2.50511 0.340722 
2.63385 -0.0058018 2.86194 -0.00665909 1.61642 0.270124 -1.29491 -1.7642 0.252309 
-2.90897 -2.30489 0.23195 -2.18579 0.405249 0.0902653 2.57089 1.45213 0.279788 
-1.61103 -2.68706 0.126436 -1.77442 2.8857 0.12679 -0.620473 1.00073 0.256613 
-1.09144 -2.98648 0.138174 -0.491045 0.518786 0.448574 2.55587 1.2558 0.560661 
-2.39999 -0.00643186 3.65105 2.80639 2.77325 0.0797445 -2.13022 -0.484047 0.11412 
2.93495 0.0166913 1.07707 0.242333 -2.06697 0.168143 2.78289 -2.56152 0.0104318 
-1.76608 -0.0095883 5.12764 -1.04524 -2.26583 0.209546 0.668381 -2.12955 0.261006 
2.59147 0.235565 0.795314 2.34449 -1.5791 0.635505 -0.139099 0.594314 0.0897591 
-0.928605 -2.28571 0.12078 0.686056 2.47774 0.071892 0.073852 2.60025 0.143293 
1.28466 -0.932645 0.336863 2.43548 2.84977 0.267289 2.91993 1.04053 0.388846 
-2.93159 -3.12522 0.0970826 -0.817434 1.62597 0.321311 0.995663 0.0372234 0.388166 
2.17121 -0.563661 0.420375 1.74157 0.943526 0.45816 0.250312 2.56799 0.460066 
-1.21437 0.253212 0.872081 -0.725087 -3.06173 0.432925 -1.96712 2.15433 1.19824 
2.43389 0.0186566 2.80759 2.09202 -1.7681 0.328157 1.39052 -2.93577 0.143523 
-0.14206 -0.36898 0.245564 2.33121 1.73701 0.562138 1.36891 1.83526 0.207287 
-0.880215 -0.336959 0.432186 -1.74998 1.33938 0.303504 -0.0458362 2.33849 0.39115 
-1.703 -0.261362 0.184111 0.254842 1.6516 0.100408 -1.94632 0.672688 0.278172 
-2.21763 -1.79975 0.348357 -2.49289 2.21431 0.211826 1.89203 3.05599 0.0847753 
-2.22368 -0.0158921 2.75424 -1.44073 -2.11963 0.192808 1.14986 1.84844 0.506506 
-2.62943 -0.433166 0.604025 -2.91042 3.08527 0.261902 -2.70463 -2.03204 0.0898144 
-1.33776 1.58551 0.20282 2.43091 -0.403953 1.33578 2.7326 2.32295 0.678295 
0.511543 -0.0222762 3.84785 -2.39641 0.0124116 1.06587 2.96492 0.140517 0.0848025 
1.43926 0.0570949 0.0729761 1.23887 1.07849 0.0744274 -0.444553 -1.59088 0.288924 
-2.36608 1.34981 0.113976 0.140868 -2.78932 0.207649 0.57555 0.785092 1.32616 
1.98583 1.77526 0.129209 0.853912 1.69529 0.284676 0.50936 0.537654 0.316964 
2.77218 0.472421 0.082474 1.52483 0.350866 0.289005 -0.616348 -2.15224 0.369924 
2.32971 0.0125565 4.80034 -2.67202 -0.00429462 0.753173 1.58802 0.196124 0.493389 
-2.98436 2.43232 0.0704116 -1.35731 -0.361341 0.117287 0.622332 1.10987 0.553356 
-1.45878 0.0604386 2.62386 -0.393636 -1.40912 0.170337 0.562399 -0.742838 0.640697 
-2.33754 -2.53622 0.0756072 1.7251 -2.49486 0.0744292 0.89274 0.530983 0.549017 
-2.14813 -0.0336974 0.633813 -2.76503 -2.96341 0.0920337 -0.449855 2.87944 0.0741758 
1.67709 -0.769649 0.288679 2.3141 -2.69802 0.0753889 2.92811 0.260535 0.525486 
1.47457 0.120361 0.218651 2.88919 -0.897133 0.194627 0.138162 1.19419 0.7287 
-2.14479 0.027252 2.95181 -1.98954 2.2966 0.192546 0.906984 0.880437 0.126021 
-1.70276 0.330393 0.0805998 -2.37383 -0.443013 0.371378 0.732489 2.23638 0.428028 
-2.95374 -0.0180439 0.462475 -0.105676 -3.01648 0.141017 -2.1688 -1.87007 0.200408 
-1.46398 -0.0255152 1.97596 1.89704 -1.42869 0.261871 1.16312 0.983903 0.290679 
-2.96161 -0.224401 0.217633 0.623445 -0.00407911 0.194258 1.49375 0.349675 0.34362 
-0.5161 0.465412 0.120613 -2.64256 -2.44741 0.151031 0.675336 -2.74613 0.293662 
1.10525 -0.656951 0.0710183 0.333057 0.217396 0.452002 0.64017 2.33157 0.521041 
2.85848 0.0938436 1.30625 1.90451 -2.61732 0.72574 1.93199 2.37106 0.10612 
-0.858275 -2.93061 0.0576962 -1.07322 0.398683 0.0803649 -0.713611 -2.50969 0.492218 
-0.746806 -0.762706 0.344346 -1.27348 1.12468 0.262534 -2.65138 0.517205 1.02194 
-2.84188 0.084735 1.42055 -2.42778 2.83957 0.195782 2.73626 -2.45595 0.188151 
2.38779 -0.00966345 4.30786 -1.35235 2.37494 0.474472 1.96704 0.28819 0.17281 
-2.42435 0.188777 0.59214 -0.0880257 -2.28659 0.0841984 1.22681 2.65198 0.283945 
-2.75019 -0.118887 1.04347 2.16998 3.06984 0.293002 -1.36561 -2.18115 0.0710623 
-1.43145 -0.0276782 4.08435 -1.75309 -0.0146096 1.89699 2.50911 0.334075 0.776694 
2.95061 -0.164828 0.559022 0.997144 -2.16969 0.332382 1.98123 -0.996893 0.126223 
-1.53575 0.0015977 6.79926 -0.0115445 -3.12342 0.279753 0.60335 1.32178 0.37758 
-1.08042 -0.102358 1.00967 1.21248 2.29597 0.141157 -0.215094 0.26538 1.09291 
2.08056 -3.04653 0.284867 2.07628 -1.85932 0.0830597 -0.0653088 -0.661923 0.174782 
-1.19602 0.00650765 2.78395 2.06511 2.10047 0.518641 -0.219083 1.35509 0.112385 
0.982015 -0.612839 0.134947 -0.304618 0.968533 0.0917724 2.13605 1.32496 0.441755 
1.50588 -2.63975 0.253945 -1.8043 1.63286 0.444164 2.60859 0.91916 0.288819 
-1.7768 -0.504824 0.5342 -0.737359 -3.07478 0.101671 0.639331 2.40237 0.205143 
2.66576 0.0169194 1.21628 1.82777 -0.386775 0.0839717 1.06876 0.955947 0.46509 
0.690481 -2.86131 0.198491 -0.781204 3.12056 0.0823231 2.7843 1.46691 0.262307 
-2.82433 0.351817 0.0762589 -0.402278 0.568188 0.0805208 2.77201 0.166846 0.705887 
0.309578 1.89939 0.0121866 1.08636 2.97511 0.222067 1.9392 -2.43677 0.878295 
-2.83924 2.6368 0.09969 -1.7541 -0.264134 0.971392 1.17709 1.6741 0.609655 
2.90877 -1.86515 0.349299 -1.77328 2.42963 0.857851 0.0445353 -0.433579 0.13275 
0.540636 1.25174 0.0630358 1.50945 -0.0599116 1.52236 1.52709 -3.15325 0.33577 
2.38953 0.114422 1.22009 0.430455 -3.00233 0.371041 -2.92947 -0.930453 0.208913 
2.38882 1.83082 0.057058 -2.65841 -0.165351 1.1089 -2.8618 1.64869 0.805212 
-1.94826 -0.0032674 2.65064 -1.44349 0.230487 0.159371 1.73069 2.91895 0.307116 
1.7598 0.0126263 1.14012 -2.96977 2.24956 0.138613 2.15988 0.20118 0.591922 
2.35184 -1.23897 0.222336 1.5662 -1.58263 0.0603783 -0.467169 1.2665 0.973805 
0.40575 2.47597 0.173275 2.98559 1.58072 0.102175 -0.950614 -0.34495 0.350918 
-2.2645 -0.152563 0.624855 1.26164 2.76769 0.282619 -2.49742 1.02668 0.26839 
1.80338 -0.783712 0.289332 2.35161 0.348108 1.34517 -2.7136 2.15014 0.25598 
2.26807 0.0616837 0.265482 1.66589 0.0173852 1.17084 -2.29588 0.777935 0.567056 
-2.19099 0.00242005 2.76726 -2.49076 1.18854 0.205453 -0.524713 -1.90269 0.426829 
1.84883 -1.51512 0.219678 -1.71491 -1.66595 0.0775083 2.53396 1.61365 0.330692 
-1.95262 0.00811688 2.39505 2.80659 -1.12878 0.268197 2.34444 -2.22419 0.0865002 
-1.67367 0.0220694 2.80282 1.33137 1.46867 0.601489 -0.663163 -2.89449 0.0546301 
-2.84785 -0.00212684 0.555721 -1.29801 3.00812 0.125018 -1.75829 -0.67105 1.06059 
2.77595 0.0598023 0.188078 -0.243226 -0.0788202 1.20986 -2.34318 2.95603 0.356082 
0.00088886 -0.170842 0.0436167 -2.02064 0.0281822 2.15412 2.19207 -1.16221 0.670832 
1.81123 -0.26991 0.334861 1.01246 -1.82264 0.130349 -0.125044 1.12426 1.11582 
0.582703 2.54455 0.149117 -1.67109 1.49863 0.150278 -0.983131 0.40416 0.279186 
2.28282 -0.10444 0.0959915 1.93152 1.38388 0.169279 0.559568 1.65064 0.107131 
2.33086 0.208768 0.342613 -0.540386 0.288161 0.190775 -0.496551 -2.60359 0.529295 
-0.886475 -0.107267 0.278237 2.98636 0.375151 0.313545 2.28955 2.93713 0.487755 
0.920373 -0.523637 0.625927 1.63786 2.99307 0.18288 -0.987897 0.63272 1.01878 
-2.84192 0.311743 0.429826 -2.83182 -1.77427 0.398877 -1.27892 -0.575408 0.0650764 
1.16607 -0.314151 0.513081 -2.62733 2.72582 0.123907 1.57092 2.41182 0.414562 
-2.89551 -0.0171839 1.79772 2.33597 0.727422 0.295846 1.92539 -0.522485 1.16361 
-1.92266 -0.751384 0.328332 -0.78907 2.43934 0.475459 2.1628 2.43105 0.263257 
0.703311 -0.0135903 2.25563 -1.86857 1.24613 0.0598852 2.20185 0.610174 0.403525 
1.10352 -0.0455674 1.26063 2.41059 0.421014 0.588327 -2.60777 -0.29902 0.197001 
1.24915 0.00568807 2.25135 -1.28508 -1.7336 0.0746732 -0.513185 -3.0186 0.312528 
1.61961 -3.00551 0.234881 1.68174 1.61463 0.18482 -1.28883 2.91235 0.205556 
-2.51057 -2.92402 0.190016 -2.48121 1.42612 0.162777 0.618937 1.7279 0.482572 
2.3173 -0.0217512 1.5479 -1.27344 -0.307216 0.430745 -2.80765 -1.46405 0.0808823 
2.22324 0.814528 0.658138 -0.818396 3.07883 0.0711715 -1.38268 -2.87005 0.182427 
-2.76107 1.46525 0.118411 0.893081 -0.9629 0.0618261 0.0281851 2.14715 0.52091 
0.239615 0.00562984 0.138597 2.21695 -2.7513 0.0271661 0.858466 1.37627 0.68144 
1.81802 2.31059 0.121998 1.14185 1.10403 0.420198 -2.07399 -2.36272 0.111498 
0.168767 0.651289 0.527825 1.49363 -2.87368 0.243988 2.06782 0.178237 1.81705 
-2.85971 1.35093 0.0774903 1.94964 -0.00240638 0.312223 -0.942257 -0.143474 0.120431 
0.968887 0.117269 0.945296 2.55955 -0.89383 0.1296 0.29288 -2.97998 0.255867 
-2.09376 0.193433 0.729879 -2.14811 -1.30046 0.491682 1.10833 -3.06887 0.438903 
-0.904044 -2.18196 0.228199 -2.48236 1.67997 0.678758 1.50355 1.28473 0.530561 
-1.64846 2.42834 0.118003 -1.71792 1.34687 0.161642 1.43307 -2.79435 0.124503 
2.12418 -0.466438 0.390557 0.111414 2.03885 0.165138 -0.872079 -0.506741 0.957593 
-2.30552 -0.0237906 0.911741 2.76277 0.396742 0.272086 -0.429295 -0.0305725 1.46477 
2.96868 -2.10146 0.0639934 2.82412 0.474795 0.186324 -2.43761 1.09121 0.10518 
-0.405189 -0.765368 0.180859 -0.551906 0.157643 0.59411 -2.92524 0.301407 1.67061 
2.78514 -2.39726 0.145402 -0.113923 0.612234 1.17687 -2.08647 -0.87425 0.125528 
-2.69316 -1.25726 0.154936 -1.6017 1.13228 0.390637 -1.08558 0.093788 0.550022 
-2.31711 0.161804 0.931404 2.09026 -2.11681 0.370564 1.2499 -1.57645 0.216138 
1.48955 -1.47049 0.241805 -1.6897 0.608316 0.560308 1.94275 2.16587 0.138642 
2.64334 0.495247 0.319851 2.57409 -2.7904 0.279832 2.39278 2.16166 0.997845 
-1.152 0.144791 1.12046 -0.302074 -1.22789 0.64827 -0.339029 -2.68367 0.328109 
-0.0222935 -2.27364 0.101977 0.825134 1.45687 0.456975 -2.35486 -2.87203 0.243295 
-2.49799 -0.483405 0.132255 -2.5874 -2.59898 0.175083 -2.45776 -0.613018 0.257958 
-0.887214 -1.49917 0.149999 -2.73112 0.360761 1.39353 1.13372 1.677 0.31044 
0.518975 0.0375844 0.0431709 -2.81837 -1.01174 0.0906294 -0.095559 -1.699 0.400026 
-1.16243 -2.07896 0.249721 -1.84876 2.85085 0.448099 0.119206 1.48682 0.247357 
-2.47877 0.29354 0.376275 -0.971687 0.0862541 0.73848 -0.0405728 -0.422707 0.0724123 
-2.10974 -0.156134 0.199559 -2.36228 0.353028 0.665407 -0.931986 -0.697459 1.3356 
2.86554 1.3903 0.181492 -0.866166 2.76066 0.258422 1.93039 3.10746 0.205302 
1.79361 -0.377967 0.0893159 -0.77649 2.93848 0.0872647 2.95998 -0.137901 0.213305 
-1.95848 0.6462 0.309071 -1.91158 -0.473382 1.25342 0.735935 -2.64878 0.213417 
2.0074 1.08336 0.147731 0.323431 -0.236696 0.29542 -1.56455 -2.60675 0.0986494 
-2.67765 0.298908 0.457956 0.618239 -0.425108 1.16794 1.68673 -0.732339 0.15148 
0.946845 0.206588 0.162345 -2.69606 -0.0366532 2.00053 -1.4046 -2.20093 0.556045 
-1.70617 0.294625 0.379256 -1.9853 -1.56934 0.642268 -0.77248 -2.76781 0.0403875 
-1.44388 0.171324 0.244991 -0.36698 0.658351 0.069699 -2.67862 2.23983 0.379055 
-0.0410466 3.00853 0.0467597 -2.7222 -0.0187761 0.603402 -1.76488 -2.33395 0.611401 
-2.41865 -0.0410139 2.18117 -1.15541 2.57451 0.225764 1.69395 -0.909367 0.574967 
-2.97325 0.0681516 0.507065 -2.80735 0.482352 0.62002 -2.1183 -3.09185 0.538013 
-1.23658 -0.237388 0.420799 2.36852 0.681011 0.495136 -0.962302 -1.74551 0.614337 
1.53084 0.0326624 1.68698 1.53482 1.88892 0.218586 -0.364793 -1.24717 0.0702702 
0.650716 2.52367 0.275372 2.11762 1.82616 0.082385 1.67218 -0.935158 0.118042 
0.427381 -0.0117422 2.11061 0.325877 1.51698 0.0595121 2.04134 1.04628 0.396273 
-1.06739 -0.0223551 1.35049 -0.40689 0.0834738 1.1136 2.75654 0.00265486 0.352028 
-1.64266 -0.767104 0.254654 -0.952412 0.408281 1.15617 2.54767 -1.62677 0.701896 
0.867461 -0.147717 0.137094 -0.144607 2.9915 0.13633 -1.84835 1.03527 0.502215 
2.40568 0.18672 0.371708 2.0802 -0.289073 1.05638 -0.604005 -1.30813 0.265845 
-1.55968 2.3121 0.13072 1.33206 -2.4 0.256489 -1.02122 2.89467 0.750739 
-0.587961 -2.21625 0.0131747 1.32609 1.2475 0.601509 0.277162 0.357 0.0908255 
2.55618 1.46839 0.239016 -2.0317 2.77475 0.172976 2.54308 -1.28953 0.18671 
-1.45399 -1.60015 0.263082 -2.91811 2.32448 0.533813 -2.45216 -2.10951 0.135027 
-2.60961 -0.205403 0.571115 -0.190648 -0.0625709 0.202699 -2.96304 1.2201 0.797861 
-2.5046 -0.128151 0.929799 0.432333 0.994566 0.338498 1.8266 3.02368 0.431878 
2.85208 -0.015132 1.08656 -2.69348 -0.0210581 0.111414 -1.13068 -0.529307 0.68814 
0.652894 0.292951 0.298916 2.14626 -0.169695 1.6493 0.0839246 0.70232 1.34428 
0.668844 2.58268 0.328558 2.67795 -3.01983 0.20593 1.45834 1.1562 0.182977 
1.46196 -2.0671 0.118494 2.23085 0.315674 1.47205 1.55095 -0.319684 1.21435 
-0.770811 2.74118 0.288488 1.52749 -2.91076 0.253052 -1.3781 -1.01383 0.107796 
-2.83164 -1.92584 0.100393 -0.986933 -0.439199 0.372187 1.6564 2.29488 0.434195 
-1.11714 -0.0115461 2.39221 -1.46923 1.06148 0.157728 0.951427 2.14249 0.268233 
1.65737 1.86813 0.0524189 2.01334 1.56317 0.100033 -2.11754 2.35469 0.464921 
-0.836364 -0.853672 0.529764 -1.16371 1.46435 0.175165 -0.274472 2.38173 0.117749 
1.85079 -1.62627 0.10688 -2.54416 0.467413 0.067971 -0.875555 0.247113 1.53021 
2.21592 -0.0642268 1.39747 0.820592 1.16149 0.0307102 1.36139 1.44775 0.38811 
2.55524 -1.29157 0.105366 -0.867571 0.0392044 0.794547 2.83904 2.81599 0.659278 
-1.65685 -0.0871797 1.20116 0.72695 -0.511314 0.215631 2.40388 1.92728 0.885592 
-2.21424 0.0778054 0.913769 1.01717 -2.14708 0.167275 2.00026 1.32375 0.774657 
1.87872 0.00301804 2.11209 -2.55205 -2.58024 0.469159 -2.10319 0.165906 0.182341 
-1.91009 0.638795 0.298547 -0.578499 2.60608 0.026531 0.369256 2.51198 0.398346 
-1.04464 -1.79888 0.0896294 1.27368 -0.513951 0.0927627 -2.36118 2.27725 0.691261 
-1.85072 -0.468141 0.259314 -2.38769 -0.771359 0.116278 -1.59835 -1.14342 0.127274 
-1.7747 0.228457 0.1722 -1.96157 -0.261283 0.986249 1.64867 -0.789155 0.21953 
1.53346 0.692242 0.445137 3.01473 -1.58819 0.756635 -0.842705 -1.78234 0.217257 
-0.63758 -0.990934 0.330909 -2.90933 0.375585 0.335911 2.69352 1.93514 0.610407 
-1.26514 1.08217 0.291627 -2.6946 -0.157857 0.0691207 0.526424 -2.50807 0.489115 
-1.07703 -0.680129 0.0276435 1.009 0.747647 0.177679 -1.41638 -1.12776 0.143434 
1.24737 0.0724736 1.02319 2.7677 -3.12151 0.413319 2.38151 1.1675 0.294105 
-2.03918 0.433359 0.569995 -1.75807 -2.21916 0.069999 -0.75054 -2.69291 0.764552 
-1.12545 -0.353881 0.629496 -1.32343 1.08512 0.684075 -0.597549 2.00192 0.159902 
1.33436 -0.00521154 1.98777 -2.63217 -2.4777 0.079613 1.56693 2.93079 0.0822293 
-1.90664 0.0451052 1.09538 -1.17312 -2.68022 0.0454313 -2.24716 1.64877 0.452008 
2.61701 0.11327 0.888587 -0.078754 -1.81212 0.30315 2.22015 -2.76938 0.354837 
2.39787 0.568398 0.267856 1.44072 0.178211 0.148642 0.128854 -2.13245 0.532957 
1.81289 -2.62812 0.445083 2.43758 -2.0084 0.0387715 -0.976275 -1.30771 0.157069 
-2.00238 1.00548 0.227269 -1.35502 -0.572675 1.23762 1.37773 -2.86527 0.280934 
2.38895 -0.127436 0.775816 -1.8289 1.46454 0.357463 -2.39564 -1.32926 0.163823 
0.628078 -0.531675 0.653511 1.31298 2.9759 0.166445 0.042879 1.19366 0.960392 
-2.47244 -3.11292 0.0938482 1.64112 0.502631 0.269073 2.35517 2.49064 0.494817 
-2.29649 -2.61459 0.261187 2.80927 1.14763 0.403844 0.129957 1.88534 0.04808 
1.40919 1.66313 0.289883 2.93016 -2.96137 0.529388 -1.53064 -0.850385 0.10355 
-0.992891 2.23308 0.18478 -2.32855 -1.99459 0.95037 2.565 0.718685 0.10377 
2.23937 -2.09001 0.398508 2.41464 -1.89424 0.158984 1.86651 -1.26085 0.0553853 
2.80596 -0.488801 0.202973 -1.63225 -0.128241 0.594626 1.99272 2.71122 0.421725 
-2.00364 0.324086 0.37589 -2.63978 2.72987 0.396654 -1.48393 -0.753195 0.0541437 
2.53102 0.060954 0.968048 2.48437 -1.09361 0.208301 2.69094 -0.701703 0.560701 
2.89374 1.35084 0.41544 2.27768 -1.68959 0.225368 -2.15274 1.75167 0.0745863 
-1.93795 -0.0308955 0.837918 2.05816 2.8512 0.101624 -0.158307 0.638262 0.19814 
-1.22648 -1.97011 0.0667765 -1.79529 2.34701 0.285371 0.791212 -0.219046 0.427959 
-0.534297 -1.81948 0.0102934 2.53973 -1.83916 0.137156 0.989801 2.44371 0.276784 
-1.61954 2.48485 0.0891071 -2.94676 -0.537439 0.562377 1.89756 -0.113826 0.560772 
0.557294 -0.570174 0.0691313 0.601991 1.36913 0.242484 0.284644 3.08614 0.131435 
1.14838 -2.83558 0.148321 1.38503 -1.84199 0.0546013 -2.71219 1.60849 0.752808 
-0.218836 0.14495 1.13326 -1.57744 -2.12027 0.193831 -0.551809 -0.356248 0.336436 
-2.55225 0.426774 0.658057 -2.97838 -1.00349 0.122465 2.59906 3.09761 0.0735437 
-2.27152 -0.422331 0.493388 -2.90948 2.1484 0.191835 -1.51585 1.48173 0.115389 
0.95025 1.77573 0.084501 1.98706 1.26876 0.387344 0.941655 -2.71992 0.154147 
1.61226 0.00837896 1.27578 -0.370787 0.0229615 0.174845 0.281399 1.84497 0.186677 
0.745053 0.0400854 1.66684 1.75154 -1.67405 0.210776 -0.342373 2.97241 0.404707 
1.13406 -0.100673 0.980836 1.22172 2.29148 0.0721289 -0.160212 1.0624 0.58216 
-1.31407 2.68257 0.125017 -2.61921 0.287698 0.100828 1.91513 0.353581 0.650477 
0.454802 1.60056 0.335047 -1.98173 -2.56332 0.868715 2.69002 3.16515 0.162842 
1.38206 0.103989 1.02881 0.725383 -0.55149 0.0570428 1.97269 1.39785 0.218571 
2.11391 -0.0737904 0.0771912 1.41648 0.0590993 2.16359 1.78994 -0.997607 0.435634 
0.12969 -0.554259 0.091795 2.75125 1.9651 0.318544 2.38839 0.902395 0.286798 
2.44561 1.34323 0.306864 2.33724 -0.277204 0.267504 1.2978 -0.832888 0.0487727 
2.41885 -0.0305263 0.418073 1.26056 -0.749948 0.256991 0.0298098 -1.00592 0.103994 
-2.90575 0.418707 0.799663 2.95861 -0.0772385 0.122323 1.35598 -0.423924 0.0663399 
-2.86812 -0.162454 1.07245 -2.83268 3.02999 0.171227 -1.0622 -0.602791 0.972296 
-2.74501 0.0733375 0.946337 1.67886 0.990441 0.181208 -2.56399 0.616428 0.24622 
2.90413 0.274907 0.239157 2.69307 -2.35231 0.361465 -0.159169 1.93241 0.183837 
1.30263 -0.88514 0.379431 -2.71887 1.78934 0.370194 -2.38423 -0.89415 0.0989526 
0.87835 0.0309183 0.180571 -1.90912 -2.51162 0.0699972 -2.54162 2.22148 0.2921 
2.35731 -1.25305 0.198974 0.833096 -2.36569 0.469279 -1.28067 1.30538 0.0430577 
1.05324 -0.0267531 1.63517 -1.7623 -2.20114 0.147227 -2.4295 -1.81873 0.317135 
2.73752 1.45411 0.400392 2.71378 -3.04684 0.470664 1.37935 0.570396 0.230815 
-0.303318 -0.548256 0.224829 2.04439 0.299646 1.1037 -1.20642 2.35069 0.293003 
1.54431 2.4643 0.141045 0.940515 0.499396 0.369922 2.99604 1.74511 0.17268 
-1.11376 0.296449 0.661612 -1.09 -1.09421 0.647824 2.20697 -2.68383 0.364037 
-2.08033 0.0663177 0.649606 2.794 2.16151 0.180585 1.5362 -1.02575 0.338164 
1.62602 0.382659 0.523661 -1.63076 1.29082 0.22897 -2.89174 -2.17149 0.243143 
-0.96852 -0.574744 0.407064 -1.24532 1.73424 0.663946 2.91736 -1.0574 0.141521 
-2.85913 1.31803 0.10609 -0.15095 -2.25904 0.173872 -1.79557 0.436458 1.07378 
2.03922 1.71914 0.165692 0.972092 1.85252 0.0797858 -0.793322 -0.552459 1.31783 
2.46005 -0.7277 0.613858 -0.948624 -1.02854 0.157772 2.20865 0.806078 0.124591 
-0.516704 -0.0678139 1.53741 2.54732 0.830667 0.094457 -2.46512 0.707538 0.832992 
-1.91007 0.452778 0.420803 -2.93711 0.579776 0.183606 1.90349 -2.41329 0.492969 
0.877992 1.32284 0.136252 -2.62969 -0.447354 1.09727 -1.5679 -1.75537 0.384879 
1.71493 -0.502312 0.344722 -0.114276 -0.653896 0.173723 -2.63188 1.64788 0.914966 
2.68769 0.224846 0.839397 -2.75688 -0.635004 0.064741 0.0904973 -0.808685 0.966273 
1.60538 -2.18162 0.0174768 -0.6642 -1.83111 0.0713767 1.70788 0.753431 0.391099 
-1.62545 2.63959 0.0830924 -1.90176 -3.01469 0.0863557 -1.37217 -1.57411 0.636364 
2.62599 0.0275165 1.33388 -2.89757 -0.0839234 0.185926 -2.74815 -0.956802 0.510836 
1.66188 -0.189986 0.636055 1.18033 2.02128 0.31444 -2.57618 -1.26497 0.245975 
2.28368 -1.93453 0.180403 -1.28392 1.27546 0.455732 2.46423 -2.33955 0.527682 
-1.55242 0.061259 0.98077 1.72583 -2.40119 0.0644908 1.54184 0.977755 0.578425 
-0.127185 -0.212124 0.131392 0.627426 -0.00926038 2.92821 -1.30088 -0.767663 0.215111 
0.160469 1.80236 0.0485641 1.46004 1.14105 0.12152 -0.6613 -1.09689 0.338896 
1.78462 -0.599838 0.416593 2.81724 1.46571 0.404999 -2.19226 2.90493 0.152442 
2.05709 1.44945 0.368877 -2.64381 -1.51419 0.875274 2.10187 1.75093 0.269807 
-2.00216 0.12815 0.280081 0.471116 2.42396 0.438068 1.7448 -2.15764 0.0681665 
1.16914 -0.774847 0.523233 1.98854 2.0778 0.520678 -0.600663 2.93862 0.49792 
-2.08222 0.0612035 0.528074 -1.14323 -1.77272 0.328619 1.6718 -1.27872 0.412231 
1.82835 -0.00472868 0.965832 -1.69656 2.33666 0.221741 -2.97818 -2.26853 0.158724 
2.75846 0.59983 0.629064 -1.29016 -1.95988 0.0719291 0.0511982 2.81863 0.184099 
2.07323 0.450146 0.547328 -2.97095 -1.03613 1.04972 2.9036 3.05588 0.200677 
-2.64864 1.70068 0.22119 -1.20236 -0.154057 0.353884 2.80511 -1.66226 0.999945 
-1.8524 0.668299 0.419138 2.00133 -0.10802 0.0511169 1.17163 -0.900278 1.25728 
1.63152 -1.48621 0.103525 2.7115 0.338 0.853268 -2.77967 -1.01166 0.793449 
0.753208 1.24872 0.20862 1.9956 0.321116 0.158669 2.4896 -0.825944 1.10291 
0.293093 -1.05455 0.0566672 -1.19229 2.40098 0.23579 0.0279691 -0.473193 0.231473 
2.4953 0.315787 0.226532 0.379394 0.0994109 0.821673 -1.74213 0.473255 0.209995 
2.79968 -0.907601 0.197391 -2.85335 -2.62724 0.199903 -0.744514 2.30366 0.893734 
-2.19188 0.298978 0.663168 -0.903927 -0.895884 0.60562 -1.83102 -1.87782 0.215231 
-0.0159962 0.935729 0.233899 -1.22848 -1.90227 0.0471519 -0.824553 0.241495 0.394216 
2.591 -0.0721149 1.34202 -0.931974 1.06537 0.727542 -1.47257 -0.103583 0.327414 
-2.23777 2.41729 0.192499 -2.81538 -1.75069 0.465707 0.417806 -3.01254 0.437348 
-2.93907 0.700732 0.154741 -0.373739 -3.08382 0.288765 -1.01411 -1.5997 0.27951 
1.06036 -1.18727 0.0830462 1.54798 0.145198 0.699878 1.43123 2.52693 0.132977 
-2.07027 0.378285 0.576565 1.09772 -2.97178 0.420425 -2.57067 1.57512 0.0976287 
-1.8105 -2.08057 0.252986 -2.01703 -2.96184 0.104541 0.0433273 1.63851 0.310684 
-1.1741 0.11456 1.17203 -1.95093 -0.520277 0.074834 1.95409 -0.84064 0.804974 
1.95524 -1.01012 0.317926 1.12976 1.72863 0.43522 2.26425 -1.02043 0.991384 
-2.86127 -0.0708099 1.46593 0.687167 0.521453 0.765632 -1.20819 -0.853225 0.403795 
1.48586 2.79617 0.20744 -0.221038 1.97957 0.0385062 -2.32954 -1.86513 0.854536 
-1.39768 0.0119287 0.59209 -2.68607 -1.47932 0.0393987 -2.02956 0.471711 0.87832 
1.21797 -0.0981969 1.05098 2.52346 -0.782811 0.0425821 -0.837564 -0.748195 0.238526 
0.0967561 -2.79627 0.128389 1.29957 0.915907 0.266035 2.63609 2.24937 0.572982 
1.27554 -2.85129 0.382942 -1.0338 0.722831 0.0801167 -1.03128 0.864868 0.193133 
-1.0082 1.5137 0.0816347 1.22761 1.37816 0.0546842 1.26694 2.50541 0.106555 
-2.44127 -1.70996 0.295964 -1.6599 2.05913 0.36355 2.73052 -0.232213 0.987735 
1.4999 -0.189665 0.0822778 0.0733053 -0.157858 0.364307 1.3802 2.47927 0.56942 
-1.86304 1.09578 0.111246 2.63144 2.97846 0.150621 -1.88122 -2.0435 0.207903 
-2.66521 0.0639771 0.0675774 -2.64113 -0.742889 0.341968 0.0454933 0.462659 0.421067 
2.38811 -1.41031 0.352594 1.47808 -1.19599 0.18582 1.37993 0.614591 0.064052 
-2.94715 2.53008 0.251076 -2.90762 -1.2168 0.345783 -1.412 -0.702359 0.103292 
2.13222 0.940633 0.215844 -2.90981 -1.80148 0.363471 2.71931 1.53593 0.696581 
1.68495 0.612542 0.552577 -1.80003 -3.08815 0.156811 0.241421 -0.933326 0.725617 
1.67711 1.40963 0.237876 -2.94798 -2.40824 0.460492 1.16866 -0.800509 0.429883 
2.70273 2.94343 0.0419789 2.03686 -0.431846 0.763224 -1.62734 -2.37475 0.167207 
2.4444 -0.160675 0.783361 -2.40042 2.86445 0.340332 -1.85033 -2.6118 0.77241 
2.14245 -0.293445 0.435443 1.51168 1.65079 0.0843524 1.89596 -1.28657 0.542364 
1.82766 0.821731 0.201767 -0.909432 -2.02849 0.22743 0.55813 2.02143 0.715099 
-2.41321 1.28291 0.184576 0.522862 -0.912329 0.438449 -2.92269 -0.935329 0.171199 
-2.09525 1.50521 0.149436 -2.6855 -2.63976 0.0953378 -1.16069 -0.768181 0.754547 
-0.629988 0.0171424 2.50317 -1.1569 -0.398017 0.89318 0.272962 1.90205 0.571312 
-1.5423 -0.396876 0.288991 -1.50591 0.675452 0.269483 -2.83573 0.440783 0.25124 
-2.93886 2.35453 0.275826 -2.68925 -2.96356 0.48024 -1.07506 0.456844 0.289425 
0.304173 1.83548 0.234535 2.51312 0.340686 0.0816208 2.98907 -1.99472 0.72154 
-0.752752 -0.387279 0.733186 1.87972 2.10297 0.56724 2.5193 -2.11304 0.0560846 
-2.512 0.663314 0.273664 0.162624 -2.0211 0.589074 -0.667425 -0.533051 0.112236 
0.765832 0.47837 0.109473 2.23962 -1.46579 0.487924 -0.0525922 -0.0434056 0.0360518 
1.73428 2.15253 0.24911 2.42591 -1.6498 0.218525 0.678979 2.29022 0.279424 
2.95937 -1.57229 0.125042 -1.7278 -0.462542 0.284226 2.38825 1.39669 0.570496 
0.928515 0.76341 0.266572 2.77392 -1.554 0.569072 -2.58573 2.40003 0.145303 
0.398001 2.46969 0.203126 -2.02927 -0.919621 0.394212 -1.62346 -1.82509 0.641495 
-1.67977 -0.380006 0.3592 -1.91526 0.0611191 0.258622 1.64268 1.91057 0.314871 
0.848217 -2.47734 0.176032 1.40138 0.66834 1.12759 -2.75141 -2.40394 0.482662 
2.66306 0.82329 0.493581 -0.741266 -1.01304 0.0287 0.461294 -3.06608 0.413614 
1.93103 -0.109818 0.773065 1.27217 1.43434 0.480075 -1.76225 -1.34486 0.40224 
-1.95985 0.478563 0.572935 -1.22592 2.05625 0.144867 2.16229 -0.494344 0.335272 
-2.5854 2.58913 0.254296 0.63352 -2.26669 0.392321 -1.56786 -0.88625 0.75552 
-1.04417 1.51475 0.16863 -1.80794 0.859381 0.471591 2.9897 2.95702 0.119039 
2.3505 0.0120606 1.20267 -2.35241 0.205701 0.632085 1.41054 -0.360486 0.287115 
0.462274 2.21892 0.181377 0.389987 -2.16007 0.823833 -0.0311427 -0.0785953 0.0899204 
-2.54722 2.98905 0.191416 2.12099 -0.467723 0.364422 2.90614 -2.8829 0.070977 
-0.515863 -0.580676 0.262547 2.18821 -0.899085 0.216732 0.776585 0.445487 0.487443 
-0.547297 -0.143337 0.0957691 -0.503193 3.01506 0.284991 1.7377 -2.46064 0.31094 
1.59682 0.0383829 1.19145 2.7517 -0.112596 0.625452 -0.185201 0.0483644 0.53599 
1.40343 0.00523522 0.975848 -2.37437 1.7103 0.283685 2.52977 -0.181646 0.174487 
-0.426643 -0.0907388 0.279853 2.78903 1.74894 0.336357 2.55758 0.763073 0.128258 
-1.82233 0.24131 0.321483 -2.872 -1.65838 0.165601 2.26948 0.639603 0.949634 
-1.63088 0.743882 0.261092 -1.34363 -3.01864 0.303571 -0.34766 -3.00411 0.171731 
0.850207 -0.663121 0.119241 2.07493 2.23588 0.426688 -2.54683 -2.88664 0.170876 
2.4223 0.592985 0.539301 2.8389 -1.57682 0.474622 -2.85779 1.41977 0.214105 
-2.02202 -0.0359628 0.320381 1.37197 1.35452 0.0539068 -0.620358 2.85377 0.481479 
-2.38705 -2.72564 0.148196 -2.5996 0.827894 0.5835 2.8977 -0.101885 0.337559 
-1.53628 2.75653 0.127942 -0.977098 -1.03578 0.212429 -0.0759638 -0.936474 0.594689 
0.899947 0.0205714 1.03486 1.48222 -0.324571 1.08951 -2.72053 -1.7376 0.0624436 
-2.41752 -1.93507 0.231348 1.97073 3.10005 0.39384 2.20724 -1.92972 0.343685 
-2.88832 -2.05486 0.273977 2.07611 2.37202 0.61255 2.24341 -1.23506 0.200977 
0.751139 -0.100564 0.0751124 2.90112 -1.01961 0.174814 -0.700777 2.03812 0.480763 
-0.825589 3.03814 0.105015 2.74666 -0.220488 0.328026 2.63633 -0.717233 0.697558 
-2.0167 -1.12757 0.30327 2.38955 -0.815879 0.161827 -0.0467519 1.20895 0.346436 
2.54292 -0.0410714 0.916817 -2.22687 1.99981 0.0943892 -2.15527 1.69827 0.616188 
0.838226 -1.51564 0.0718767 0.199798 -0.0667466 0.147121 0.899102 0.0431275 0.199252 
-2.89163 -0.518279 0.0817652 -1.86001 0.386485 0.16769 0.256685 -2.59453 0.225589 
2.08871 1.91869 0.184038 0.566102 -1.15131 0.997734 -0.147409 -2.80602 0.0906458 
0.820886 0.769442 0.447091 2.84085 -1.11695 0.48644 -0.920617 -1.61944 0.24325 
0.951232 -0.36536 0.829607 1.88255 -0.815208 0.0764336 2.29128 -1.77292 0.239057 
-1.59491 -2.25394 0.104198 -2.08284 0.31162 0.136611 0.396202 -3.01318 0.179114 
-1.45725 -0.161911 0.822083 -0.636804 1.70226 0.193082 1.67937 1.76636 0.19186 
0.418013 -2.77216 0.11627 -2.13032 0.456921 0.376862 -1.21345 -0.421084 0.0816484 
-0.598527 -0.0226197 1.50646 0.950736 0.0264332 0.245333 -1.93418 -0.111273 0.422292 
2.01931 -2.5617 0.425259 -1.19132 -2.65363 0.160144 -2.52331 1.59981 0.0729527 
2.94916 -0.010401 0.544692 1.55906 -1.43915 0.0485084 -2.66747 0.44154 1.10232 
-1.08659 -2.69996 0.025959 1.91601 -0.235667 0.557063 2.13863 1.92485 0.57525 
-2.88209 -0.100443 0.185294 -0.497957 0.0255592 0.480539 -0.68416 2.59043 0.20649 
2.60156 0.0525139 0.341577 -2.82135 -2.67721 0.276176 2.2273 2.28454 0.643541 
2.22599 0.875983 0.151558 -2.80786 -0.702848 0.637023 -0.973384 0.0706311 0.177956 
2.29301 1.98997 0.198096 1.2607 -1.01159 0.707946 -1.17172 -2.20256 0.133642 
0.533837 -0.871635 0.0375172 -2.29223 0.0259063 0.871033 2.11484 -1.03352 0.503495 
-1.8222 0.0912927 0.402841 -1.67871 0.293319 0.701583 2.78286 -0.00305453 0.311369 
0.215193 -1.6315 0.111433 -0.632818 0.550483 0.279926 2.43936 0.0219692 0.571524 
-1.39945 -1.74604 0.209997 0.520159 1.55073 0.159484 -0.0193439 2.79627 0.539179 
1.18989 -2.34289 0.0682472 -0.0775479 -0.0285416 0.542193 -1.22649 0.280501 1.08271 
1.44806 0.131008 1.12208 0.625959 2.12807 0.0426358 -1.23583 -0.195884 0.145528 
-1.62619 -0.504018 0.375058 -0.983982 -0.893723 0.10328 -2.48792 2.76347 0.361227 
2.56029 2.6899 0.155323 1.49418 -1.61266 0.232679 -2.21885 -0.189564 0.956006 
1.83005 -0.166833 0.745466 2.76372 -0.716001 0.379537 -2.07462 0.0307155 0.215361 
0.873762 2.9308 0.24048 -0.220268 2.64763 0.065474 0.0744193 2.49112 0.192452 
-0.788612 -1.73902 0.0802784 -1.7394 1.37645 0.650103 -1.8205 -0.48699 0.102967 
1.68371 2.27928 0.101569 0.00748877 -0.241377 0.784481 0.881284 -0.528274 0.394558 
1.339 1.25189 0.089802 1.90526 -0.368565 0.571519 -0.387387 -1.89817 0.418467 
-0.137764 -0.232194 0.173616 0.707341 -1.58914 0.0441626 -0.629286 2.52096 0.413338 
1.1412 0.156217 0.687601 2.01655 -0.368001 0.903662 0.6939 0.108171 0.750615 
-2.06656 -2.94274 0.28934 -2.94615 -1.29441 0.1781 1.61343 -1.99618 0.0209672 
2.37712 -0.72848 0.230981 2.86339 1.02666 0.610805 0.513124 -2.48517 0.155328 
-2.82462 0.825982 0.370923 0.947434 -1.01783 0.107599 -0.581385 -2.93784 0.47198 
1.01011 1.03107 0.362553 2.9203 -1.21129 0.95031 -2.56701 2.79423 0.0477833 
-0.252192 0.112981 0.980267 -2.95544 -1.3473 0.494583 -0.667102 1.78577 0.803522 
2.64847 -1.9831 0.0803056 -0.156451 3.06573 0.322901 0.985894 -0.514948 0.275872 
-0.849354 -0.036619 1.26962 -2.06601 2.32618 0.213817 1.83478 1.9282 0.366465 
2.86415 -0.359301 0.684456 -0.685878 1.88247 0.736912 -1.47775 0.442502 0.102002 
-2.31066 -1.93555 0.0781022 0.704821 -0.444054 0.349595 0.627805 2.4894 0.502474 
0.394336 0.95118 0.169077 -1.77725 1.90558 0.211898 -1.46847 2.09328 0.305741 
-2.97871 -0.84936 0.229958 0.316999 1.95027 0.362237 -1.64696 -2.95384 0.546068 
-2.06108 -2.00511 0.0444489 -2.75116 -0.968819 0.289826 -1.45896 -2.30847 0.413625 
2.11052 0.755198 0.353457 2.75782 -1.64136 0.415865 0.853954 0.175916 0.202671 
-1.22441 -0.256389 0.224991 -2.44805 -0.539054 0.137307 0.0675243 1.18578 0.0964272 
1.93942 -0.140705 0.143398 2.84976 1.51068 0.0894475 -0.411685 -1.78283 0.533628 
1.75738 0.910217 0.420982 2.45472 -2.59217 0.337446 1.40391 0.446858 1.00713 
1.68025 -2.79539 0.225366 -1.79548 0.922578 0.142574 -2.25123 2.1693 0.074737 
1.73105 0.13859 0.473465 0.878977 2.28157 0.131041 -2.65923 -1.03012 0.115999 
1.81215 2.98003 0.0808868 -1.74 -0.66627 0.141157 -0.398291 0.331568 0.305097 
1.26023 -0.0256079 1.52685 -1.05531 0.055995 0.456883 2.68903 1.74213 0.688346 
1.71697 0.42458 0.471044 -0.134866 -1.40417 0.165682 0.222746 0.10486 0.184802 
1.65774 0.761948 0.299727 1.95101 -0.526204 0.0869635 1.29953 -2.44549 0.362315 
-0.664271 0.343889 0.675047 -1.04924 -1.08206 1.01591 -0.580458 -2.26513 0.145293 
-2.78748 -0.950512 0.304144 -1.99246 1.4559 0.155387 2.74222 -1.62723 0.162936 
2.0536 -0.585972 0.482575 1.15827 1.68403 0.0924897 1.7947 1.4973 0.386756 
-0.913121 -2.57683 0.199731 -0.387367 -1.70548 0.268518 0.753813 2.68948 0.0708464 
-0.944112 1.26069 0.168457 -2.76844 -1.08076 0.333814 0.545656 -1.72224 0.166987 
1.13461 1.34384 0.406909 1.12516 -2.90281 0.274568 0.204146 -0.880173 0.434585 
-1.87508 0.0855868 0.420004 1.22158 -0.232049 1.12445 -1.48353 0.458581 0.321045 
-2.11698 0.130905 0.617932 0.182037 -1.46262 0.402904 -2.1358 3.08371 0.530294 
-1.88989 0.0546965 0.919315 1.05546 0.0430968 0.136973 1.70133 -0.7767 0.872965 
1.22603 -1.14066 0.375655 -2.96909 2.26729 0.241861 1.33047 -0.228992 0.333912 
2.80831 0.898239 0.416516 -1.41952 -3.05072 0.266826 2.9648 -0.76722 0.217014 
0.503939 -2.76776 0.184288 -1.30051 2.38754 0.261201 1.85384 -1.87324 0.41626 
-0.907308 -1.10967 0.183573 -2.81263 0.416715 0.859904 2.53478 -0.694851 0.817258 
-1.6905 0.0744884 1.06052 1.51574 -0.205194 0.929148 -1.69124 -0.762681 0.457036 
1.23784 -2.56525 0.161944 -1.70222 0.700354 0.984816 2.68378 -2.38168 0.333328 
1.18506 -1.87929 0.299505 1.83915 -1.22595 0.271178 0.00772194 2.24758 0.0851023 
-1.99678 0.120381 0.279567 -2.8273 -0.0727679 0.356665 2.88928 2.41787 0.53962 
0.712318 2.38226 0.171739 -2.37271 -2.72896 0.352996 -0.24957 -2.36598 0.340146 
-0.222482 -0.116259 0.358225 0.225528 -2.42292 0.220601 -2.43804 2.289 0.858558 
-0.729168 -0.190467 0.158871 1.88073 -2.00118 0.541769 -2.99158 -0.441011 0.0423627 
-1.25111 0.282804 0.620262 -1.37809 -1.42461 0.523085 1.03042 0.555366 0.0289361 
-0.413054 0.769698 0.337281 -2.73267 -0.526539 1.41048 0.910247 3.08777 0.283726 
-2.97193 -0.0672664 0.111338 -0.300285 2.8697 0.174846 -1.25384 -3.08045 0.0732022 
-1.23149 1.60321 0.114782 2.06109 1.27737 0.119424 2.10532 -0.728436 1.00838 
0.473864 -3.09454 0.0935543 -1.73207 -0.852841 0.131829 -1.827 1.35617 0.896145 
1.33934 -0.195725 0.753398 -0.699891 1.03921 0.368422 -1.89949 1.69963 0.110994 
-1.19793 -1.60721 0.249177 2.39567 3.02235 0.493302 -1.94332 1.39706 0.193875 
1.9335 -0.0950766 0.581 -0.481611 0.0669782 0.486357 -1.15302 -0.152939 0.237664 
-0.805768 0.0119191 2.58834 1.2263 -2.20419 0.0923737 -0.567433 -2.02828 0.138404 
-1.81962 0.0358543 1.02721 2.19308 2.8173 0.135485 -2.79041 -0.40912 0.233698 
1.42183 -0.397141 0.36509 0.721837 2.4914 0.459316 2.55077 -2.34666 0.19091 
0.875476 1.1953 0.148812 2.58044 -0.42238 0.526834 0.946336 0.239247 1.17866 
2.78338 -1.76789 0.264538 1.76342 1.65237 0.699994 1.85852 -1.99962 0.301447 
-2.47412 1.17316 0.419036 2.65723 1.6125 0.330158 0.53851 1.77445 0.0440944 
1.40179 -0.0284537 1.90248 1.73636 0.587477 0.517527 0.424753 -0.622336 0.119473 
-2.25126 1.10513 0.452401 1.83091 1.80971 0.167248 -1.01329 -0.948501 0.155108 
-0.0949345 -0.447118 0.431764 2.80932 2.78911 0.3801 -1.43871 2.55366 0.250879 
-1.15025 2.94442 0.123053 -1.53734 1.74281 0.130388 1.21784 -1.7671 0.770559 
2.17188 0.0904711 1.31675 0.306484 -2.79134 0.234397 1.04112 0.615186 0.82385 
2.80714 0.0572723 0.279755 1.98729 0.196547 0.343098 -1.12579 2.48113 0.46394 
-0.738695 0.175802 0.334937 2.37441 -2.5808 0.476888 -0.988949 -1.59467 0.125608 
-0.304526 0.134662 0.74034 -0.642738 -1.28233 0.62266 1.20593 0.618961 0.234125 
1.05086 -0.249594 0.507688 -2.95125 2.22516 0.351524 -1.70442 -0.272566 0.139841 
-1.91731 0.169293 0.197232 -0.232154 0.325663 0.516698 -0.0536337 -1.92012 0.218686 
1.87597 0.472531 0.199415 -2.33303 -0.772157 0.269218 2.69276 0.240464 1.67634 
-2.52905 0.617932 0.594534 0.651894 1.33628 0.0551391 -2.68945 -0.115414 0.0794155 
-1.47251 2.04828 0.146438 -0.239522 -0.412314 1.07357 -1.56769 -0.969267 0.400249 
2.90338 -0.865083 0.257054 -1.52372 0.645398 0.317143 2.82332 2.61934 0.204795 
2.86474 -0.285488 0.295993 -2.79769 -2.3303 0.123662 1.3788 -0.0863681 0.305967 
2.04751 1.04725 0.477937 -1.09705 2.02233 0.0728493 2.00975 -1.02007 0.121259 
1.52733 -0.368704 0.275338 2.18551 -0.202337 0.45782 -0.310554 -0.00119931 0.190624 
1.04667 -2.20871 0.214694 2.18627 0.861211 0.0649796 -0.389388 -1.71853 0.301252 
0.707321 0.643371 0.531457 2.40586 -2.11969 0.258932 0.970174 -1.52325 0.362712 
1.52935 -0.570117 0.205246 2.17534 0.723991 0.509116 -0.490549 0.558584 0.336969 
-2.06365 -1.10778 0.244591 1.32693 0.89262 0.552852 -2.43536 -0.734274 0.84134 
2.01979 -0.224293 0.545873 -1.16271 1.18993 0.281091 -2.38498 0.31738 0.441138 
2.14455 0.162843 0.460265 0.337191 -0.161216 0.200754 2.69671 0.828042 0.0506256 
1.04341 -0.27594 0.344118 -0.809643 -1.39095 0.227999 -1.99539 1.44605 0.948419 
1.17341 0.394603 0.59001 2.17348 -0.744629 1.04636 -2.1406 2.55694 0.139776 
-2.05992 1.46055 0.0705773 -2.1557 -0.21253 0.43968 2.64385 -2.22405 0.63323 
-1.80463 -1.52915 0.073014 -0.961653 -2.06064 0.322702 -1.13882 1.3146 0.249392 
-1.26388 0.218556 0.412892 -1.35493 -0.125032 0.88462 -2.55328 2.47386 0.223061 
0.680692 -1.88119 0.05522 -1.01592 -0.821234 0.283314 1.03038 1.01945 0.63223 
-1.3283 0.0908293 0.63457 2.91878 -2.74256 0.228937 0.663959 2.58332 0.0324869 
-1.98223 -2.35037 0.109227 0.471694 -0.337497 0.462671 -1.09712 2.08478 0.463635 
2.54306 -1.36036 0.426078 -0.78241 2.07536 0.233008 -0.770213 -3.08632 0.187128 
-1.20971 -0.123491 0.740848 1.33983 0.17487 1.38429 1.36812 2.15435 0.627072 
-1.51052 1.90857 0.146486 -1.63416 -2.21121 0.313862 -2.71344 1.05721 0.9405 
0.383043 0.477564 0.64515 2.72211 -2.54858 0.332476 -2.05909 0.219095 0.896276 
-0.785984 -0.407152 0.343146 -0.481071 0.393855 0.919588 -0.578966 -2.79576 0.415599 
0.882751 1.69289 0.0617063 2.84927 -2.54178 0.309969 0.55317 1.14315 0.301858 
-1.58045 0.311667 0.129825 0.999045 -1.38894 0.236591 1.13104 1.20305 0.967952 
2.2655 0.533178 0.297981 -1.14272 -0.98528 0.88025 -0.962563 0.585837 0.22399 
1.75432 0.345547 0.106313 2.2905 1.98701 0.116713 2.35983 -2.801 0.61339 
-0.22181 2.78744 0.115008 -1.08554 -0.685958 0.628398 -2.33902 -2.30062 0.343631 
-1.52013 0.582705 0.213518 -0.439311 0.00683681 0.426775 0.733102 -1.82394 0.269427 
-2.43601 0.277725 0.0912346 0.97831 0.0763763 1.09873 1.12285 -2.4274 0.630278 
-2.20351 0.294255 0.789272 -1.12263 -1.23411 0.548055 -0.347661 0.642282 0.934263 
2.62212 0.176033 0.775932 0.157331 -2.13306 0.188306 0.551986 2.47576 0.0751738 
0.913654 0.0127125 1.08861 -1.6267 -0.0866899 0.628554 -2.96585 0.328045 0.798903 
1.29537 0.0186606 0.584996 1.79159 0.551174 0.296067 -2.74424 -1.88298 0.746705 
1.78299 -2.69464 0.165499 -1.98482 0.263301 0.330224 1.78869 -1.78313 0.354285 
-2.59852 -0.422261 0.195817 -0.741277 2.63628 0.159274 -1.50638 -0.973869 0.875951 
-1.05835 0.250502 0.907741 2.3261 0.0998567 0.0903533 -0.131816 -0.153536 0.015156 
2.90061 1.02567 0.352605 1.65877 -1.32986 0.378925 1.55782 1.20304 0.373289 
1.45991 -2.23577 0.148582 1.21433 1.49803 0.470277 -1.69892 2.701 0.0949197 
-0.293743 0.0439243 0.429972 -2.48784 -0.962578 0.0946772 -1.58793 1.31676 0.58433 
-2.69151 0.57074 0.0504588 1.82749 -0.0323185 1.66575 -1.04202 -0.0328689 0.852593 
-1.90335 0.732033 0.0895645 0.0761856 -1.62759 0.348775 -2.91063 1.38607 0.102042 
-0.289216 0.325558 0.0804908 0.516562 3.10729 0.354585 -0.405777 -1.16391 0.091138 
-0.340978 0.156979 0.854432 2.90355 -2.34229 0.221336 -2.09551 0.144587 1.03476 
-2.02674 -0.265964 0.293117 -1.62456 0.6685 0.150117 -1.2098 -2.70866 0.131707 
-2.82227 -3.01062 0.130763 1.1275 1.24856 0.91459 -0.106944 1.29876 0.24255 
-2.2425 2.04838 0.186676 -1.22884 -1.10947 1.13055 -0.977865 1.68838 0.281505 
-2.9329 2.6608 0.0458106 -2.89612 0.909212 0.232723 2.04935 2.22672 0.258288 
2.78483 0.649963 0.133063 -0.712575 -0.152639 0.145194 2.37753 -0.606921 0.763419 
-1.2694 -0.799585 0.123241 -1.60607 -0.470679 0.739344 -0.747185 -0.591555 0.147701 
0.937697 0.117076 0.9767 1.26116 2.17934 0.0782209 0.971557 -1.2235 0.607641 
1.29585 -0.0852656 0.865458 -0.969962 -0.500945 0.0447025 -1.95955 -0.939259 0.354072 
-1.39298 0.0201582 0.913965 1.26022 0.169044 0.426486 -1.68078 -1.84324 0.570939 
-2.7636 0.514741 0.378592 1.22643 -0.521187 0.6709 -0.686124 -0.286628 0.898367 
1.974 -1.35215 0.0730861 1.98291 -1.51348 0.231311 1.84935 -2.59981 0.347959 
1.13652 -0.082401 1.42776 -2.34051 2.20786 0.125756 2.11042 0.171085 0.0775487 
-2.83846 2.96192 0.074548 1.37813 -0.339561 0.719916 2.3411 2.03565 0.417138 
-3.01342 0.468734 0.348779 -2.46726 -1.33797 0.244585 -2.91592 -0.126798 0.356824 
-2.59537 -0.321756 0.710542 -2.0259 2.18141 0.425884 1.47189 -1.51693 0.474399 
0.95445 0.0270834 1.79628 1.79604 1.99928 0.560039 -2.12502 3.07688 0.0929231 
-2.06722 -0.00851411 0.797133 -2.65466 1.40731 0.508463 -2.1481 -1.87474 0.231709 
2.61204 -0.218463 0.216887 -0.051278 -0.629103 0.25372 1.05788 2.43933 0.352835 
2.1543 -2.03731 0.371488 0.524586 -0.199421 0.303174 1.53241 1.94961 0.00947413 
0.496864 0.0196598 2.0614 -1.18843 -2.50812 0.154261 -2.7507 2.70147 0.181228 
1.26414 -0.209533 0.292148 -0.202218 -0.236639 0.25177 0.819549 0.193488 1.8344 
0.488573 0.278928 0.486598 2.25732 -1.01445 0.106251 1.22235 -1.83878 0.399067 
0.829616 0.625997 0.0799253 1.51562 1.68037 0.347987 0.135507 -2.49441 0.446033 
2.88866 1.78223 0.112518 2.48126 0.282256 0.238124 1.95762 -2.9733 0.417944 
-1.80107 -0.0559166 0.226343 2.92095 0.0234389 0.392394 1.52446 0.11442 1.6604 
-0.164827 -0.43665 0.565102 -2.10804 2.60309 0.345765 -1.24268 0.752935 0.422404 
1.011 0.399034 0.461512 -2.5049 -2.19631 0.257748 2.12453 0.797786 0.695095 
-0.0553328 2.24601 0.125346 1.80627 -1.31638 0.503097 -2.29412 -1.41972 0.328325 
-0.657462 0.293121 0.236881 -1.36824 0.266867 0.643091 1.20367 -1.90534 0.214391 
-0.420741 0.027399 0.852551 -1.36628 0.167423 0.412641 2.18143 -1.52322 0.692763 
2.06419 0.34129 0.0890981 -0.907365 0.160281 0.571717 1.44962 -2.93714 0.338175 
1.51947 -0.698852 0.415013 0.543231 -0.573922 0.274612 2.51816 1.5935 0.291685 
1.08767 -1.19739 0.0098135 -1.3544 0.663199 0.286093 -0.286684 2.08241 0.0448987 
1.14608 -0.163198 0.863871 -1.51088 0.628289 0.753725 -1.1582 -0.595916 0.443674 
2.73723 -3.12053 0.09396 2.4493 1.71009 0.276276 1.03816 -1.41084 0.560153 
0.404796 -1.85053 0.181518 2.63102 -3.11967 0.340621 0.167934 -2.31548 0.0566858 
2.42966 -0.502006 0.128192 -2.35802 -2.23081 0.213906 -3.02182 2.60429 0.799947 
-0.156372 -0.0797625 0.0956612 -1.67779 -1.11307 0.316651 0.967344 1.82715 0.647521 
-1.24825 -2.11366 0.116994 -0.0633936 -1.42572 0.423134 -0.931051 -1.88611 0.029896 
-0.549568 -2.99116 0.0701221 -0.332608 2.50576 0.399031 -1.70188 -2.38261 0.164183 
1.68193 2.48021 0.179812 0.0205339 -1.1671 0.731588 1.10802 -1.13721 0.24816 
0.395202 -1.0636 0.149978 0.777961 0.108446 0.916501 1.61075 1.17783 0.621514 
1.40587 1.67682 0.286529 0.635164 2.67253 0.180727 -0.252305 2.46031 0.176933 
0.687258 2.49138 0.288111 -2.10481 0.0709953 0.0885991 2.59431 -2.73206 0.249581 
-1.33668 1.15836 0.146318 1.52857 1.91521 0.206968 -1.9914 -1.47513 0.733169 
1.93172 0.368755 0.502106 0.856415 0.766805 0.096161 1.02108 -0.67852 0.181553 
-1.95033 0.318916 0.640647 2.09583 -0.92267 0.208819 -0.104261 -1.35507 0.31804 
-0.529028 -1.33899 0.0579682 -1.04067 2.7127 0.213028 0.862808 2.56366 0.0596724 
0.755579 2.35225 0.0606641 -2.10366 -1.18841 0.672763 -0.189349 0.276738 0.10629 
2.35351 -2.49285 0.124907 -0.553326 -1.59093 0.267467 -2.80535 1.92044 0.0635204 
1.26639 0.200413 0.104092 1.56625 -0.660933 0.359242 -0.727329 -0.585234 0.15433 
-0.862772 -1.9474 0.289011 -0.836662 1.7337 0.696484 0.322687 0.455035 0.0386909 
-1.52914 0.861683 0.0991668 -0.98758 -0.234722 0.130519 -1.40112 -1.53724 0.198732 
2.57927 0.822449 0.424627 1.25418 -1.72265 0.154536 -0.00733024 0.399413 0.29917 
0.0273643 0.521454 0.209055 1.11173 -0.101382 1.28857 -2.13397 -0.0715857 1.36869 
0.621485 -1.411 0.167966 -2.36405 1.39651 0.682932 -1.04681 1.61344 0.0608814 
-1.56635 -2.13829 0.142936 -0.0642009 0.742978 0.698583 -1.3401 0.0139845 1.61447 
-1.3546 1.40584 0.299465 -2.08539 -2.05732 0.225534 2.10907 -0.142911 0.781951 
0.742335 0.158354 0.41931 -2.82418 -0.0766402 1.76849 -1.79574 0.0841975 0.760434 
-1.13709 -1.02587 0.113531 -1.23921 0.135448 1.51118 -2.60584 -2.09421 0.230036 
-0.711494 1.21955 0.0256902 1.88061 -1.93481 0.338807 1.75481 1.10908 0.239629 
2.50579 -1.62895 0.252813 -2.2994 2.25053 0.110966 0.753698 -0.49613 0.301872 
2.8648 1.4303 0.24863 -1.99052 -1.32698 0.0645425 2.25404 2.88447 0.319701 
1.82903 0.0685873 0.0427669 2.03084 -0.0425146 0.444425 -0.824535 1.00222 0.15087 
0.423409 -2.54469 0.142925 0.866729 1.07693 0.289664 -0.627476 -1.14457 0.432465 
2.09111 0.288059 0.176888 -0.195445 -0.152596 0.822119 1.58602 0.320232 0.580657 
0.625722 0.746598 0.124124 -2.0429 -0.654599 0.561502 -1.20576 0.61185 0.0990256 
-1.88267 -1.53385 0.337046 -0.0480036 -2.63227 0.293201 1.17956 1.62787 0.117163 
-2.4138 1.43939 0.271535 -1.87343 -1.73907 0.41205 2.31261 2.74163 0.267308 
-0.748371 -0.0726079 0.166388 -1.47625 0.0448986 1.22459 2.10983 -0.177793 0.0532374 
-0.503014 -0.998117 0.0719789 1.69844 -0.323547 0.345734 -1.17661 1.65001 0.384313 
-2.61798 -0.394975 0.22488 -2.1376 2.10456 0.183766 1.95986 -0.753106 1.14251 
-0.767978 0.0499556 1.72387 0.237163 -1.21552 0.213392 -0.514655 0.0404538 1.95339 
2.36268 -0.214449 0.946134 -1.41204 2.51693 0.156025 0.808284 -0.59733 0.28218 
-0.146631 0.305048 0.524434 1.55352 -1.07156 0.0582007 2.58 -0.372285 1.29315 
-2.39697 -1.34723 0.30739 1.36327 1.662 0.160887 0.0178835 2.31098 0.512564 
-0.912556 -0.163887 0.758358 2.95433 0.391072 1.35159 -0.993169 -2.71386 0.158676 
0.928297 2.55694 0.13611 -1.34293 1.56802 0.0861283 -2.06676 -0.150374 0.424236 
-0.104661 0.208984 0.652358 -1.44149 -0.757499 0.682712 2.19588 -0.684438 0.391285 
-0.199695 0.0272143 0.0624978 -2.83424 1.26917 0.174704 2.15504 -1.49898 0.420609 
1.84529 1.45346 0.217481 -2.4003 -1.34867 0.509964 -1.25697 -2.32759 0.233089 
-2.10324 0.142314 0.119263 1.206 1.50115 0.403123 -1.73932 -2.7833 0.85602 
-2.2194 -0.627691 0.0255589 -2.7768 0.457783 0.321005 -2.44383 -0.737966 0.542322 
1.45556 3.14613 0.0830278 -0.793284 -0.0992055 0.353481 1.2282 -1.79991 0.663036 
2.46034 -0.178864 0.57292 -2.7558 2.03268 0.328771 1.29689 -1.63856 0.355581 
0.474419 -1.2178 0.125985 -1.67509 -1.70477 0.287096 0.16138 1.62833 0.265101 
0.524675 -1.23659 0.0893552 -2.61846 1.9831 0.252781 2.35599 1.97121 0.470878 
2.07852 -0.0316316 0.456746 -2.23446 0.45866 0.252393 -2.34631 1.57031 0.188042 
-0.700192 2.88612 0.193509 0.324334 -2.94638 0.418129 -1.84648 -0.848088 0.331923 
0.108292 -0.836537 0.335315 -1.40652 1.30819 0.148531 0.401692 2.62963 0.306826 
-0.637376 0.140595 0.180362 1.8308 0.184641 0.773429 1.91077 -0.903751 0.849215 
-0.944199 -1.15035 0.198762 -0.83766 0.42482 0.107774 0.81667 -2.16387 0.243631 
-0.234601 -1.28103 0.16806 1.61295 0.547984 0.610068 1.42535 -1.40657 0.507994 
0.909645 1.38089 0.178349 1.78327 -0.430966 0.436433 1.2319 1.23923 0.284097 
2.0388 0.981544 0.302331 -1.08341 -2.88271 0.451753 -1.56348 0.892475 0.206141 
-3.00116 1.5744 0.265847 2.37691 -2.66761 0.217644 0.222624 3.03806 0.102753 
-2.05295 3.01922 0.0466 -1.91151 -2.58108 0.429742 1.05673 -1.22752 0.0965909 
2.95345 1.98496 0.146318 2.17433 -1.63056 0.239414 -1.54202 0.552549 0.110602 
-0.487467 -1.46974 0.24722 -1.17351 -3.13461 0.218845 1.93212 2.18422 0.228507 
1.76541 -0.377487 0.0598961 -0.704887 1.19682 0.583963 2.08005 -1.70831 0.0792888 
1.36589 -1.40916 0.145346 0.227723 1.61457 0.205225 2.28192 0.995322 0.109975 
-2.92437 3.02685 0.101537 1.74417 -0.216858 0.503262 2.33938 -3.08687 0.317207 
-2.64182 1.97908 0.231691 -2.78595 -0.0196329 0.190329 2.6329 0.668029 0.213043 
0.643427 -1.19889 0.226578 1.5468 1.01144 0.697727 0.249267 -1.05634 0.125924 
-0.498741 -0.0567276 1.88328 -2.56471 1.14107 0.584102 1.87325 -2.1376 0.417791 
0.0566126 0.731923 0.152096 -1.3775 1.7967 0.081921 1.02648 -0.468673 1.5669 
1.66743 2.76117 0.0155349 2.35911 -0.174252 0.465435 1.56603 1.16456 0.335804 
1.21587 -1.93422 0.0538897 -0.563383 -1.24163 0.119686 2.85328 -0.0597987 0.89095 
-0.200556 2.09513 0.157133 -1.61063 -2.61514 0.566392 1.59119 0.836307 0.13732 
0.578526 -0.11725 0.285774 2.57898 1.48015 0.2155 2.29943 -2.11875 0.62293 
2.28394 2.78721 0.114269 -1.51852 2.75651 0.0600558 2.78284 -0.485845 0.156346 
-2.28457 -0.830952 0.0807936 0.235413 -0.183838 0.227211 2.25832 0.312707 1.3035 
0.0243526 2.32044 0.188207 1.12234 -1.11773 0.199546 2.69056 -1.50683 0.440258 
-0.623116 -0.0731409 1.38916 0.0997461 1.09376 0.153424 -2.5827 1.83185 0.730375 
-0.998998 1.39673 0.364454 2.08019 -1.71523 0.159435 -2.27035 -2.04332 0.737651 
0.550185 -0.000778235 2.15749 2.63627 -2.18125 0.166808 -0.114356 1.44278 0.0188697 
2.37792 -0.999214 0.177831 -0.284931 2.02868 0.0728398 2.50888 -2.2615 0.317058 
1.8668 0.669845 0.321272 -1.3404 0.75703 0.344042 1.53582 -0.936691 0.214033 
0.124409 -0.416049 0.14909 0.488493 1.40441 0.0268547 1.19557 0.319757 1.02821 
2.60945 -3.09386 0.0820941 -0.150465 1.52944 0.358009 -2.95997 1.90232 0.133681 
-1.59878 -1.40209 0.350067 1.65369 -3.12352 0.00571268 -1.32876 -1.84137 0.188638 
-2.25916 -0.778603 0.000611732 -1.93311 0.376367 0.397988 -1.97368 -2.07116 0.442238 
-0.314121 -0.855767 0.0308227 2.09118 2.25127 0.117371 2.95166 0.0131135 0.719605 
-0.532013 -0.0119575 2.1527 1.67535 0.609803 0.983008 1.43482 -2.91736 0.224726 
-1.71831 -1.78643 0.198355 1.50798 1.9898 0.0982702 -2.45851 3.11472 0.24134 
-1.52275 0.0517559 0.300915 -1.0395 -2.96818 0.229701 0.648915 -1.37337 0.236243 
-1.32462 0.789345 0.156407 -0.385833 -1.25497 0.260245 -2.01309 0.555347 1.01053 
-2.17066 -2.98469 0.253332 2.12059 2.93144 0.0875553 0.313006 -2.60526 0.101957 
-2.92957 -0.985834 0.333777 -1.57906 -0.283659 0.124082 -2.31605 2.1677 0.386135 
-2.04164 0.505886 0.710147 -1.83579 -2.54252 0.266556 -0.329915 1.55804 0.0443341 
-2.24331 0.29123 0.59881 1.01089 0.197947 0.297675 -1.42005 -3.05435 0.20152 
0.945878 0.162761 0.618127 -1.6096 -1.82456 0.276955 -1.74133 1.66636 0.682544 
1.49874 -0.0407276 0.270469 -1.98344 2.85438 0.253635 1.46983 2.17764 0.252738 
-1.93504 1.82209 0.152548 1.69634 1.31737 0.215174 -3.00215 -1.18417 0.404496 
-0.315578 1.70448 0.28227 -0.619964 -2.21072 0.309822 -1.10774 -1.771 0.461557 
-0.555619 -1.37532 0.190673 -2.73384 2.50784 0.40717 -0.0122847 -2.46857 0.569125 
-0.380342 -1.0044 0.0477921 -1.99183 2.19335 0.410038 2.68697 2.07127 0.0627764 
1.76589 0.181417 0.466424 -1.77483 -0.135569 1.84607 0.955243 1.25074 0.28798 
1.8709 -2.06135 0.0627108 -1.75475 0.274228 1.09889 2.97864 -1.3728 0.520644 
1.23418 -0.174596 0.345501 -2.53318 -0.119071 0.450317 -1.17529 0.00012697 0.654801 
1.39291 -0.854819 0.212492 -2.60153 -0.0148112 0.827217 -1.11574 -0.573886 0.142234 
0.315836 2.80804 0.225299 1.03216 2.22455 0.209885 -1.12727 2.31635 0.146999 
-0.0849786 -1.73005 0.172418 0.390674 1.88903 0.553475 -2.21831 1.34762 0.3743 
-2.11647 -1.86805 0.109289 -1.7219 0.975391 0.0727053 2.2126 -1.17985 0.686512 
0.688722 1.94541 0.254057 -1.78387 -2.59878 0.301018 -0.477028 -2.24181 0.054016 
1.00913 2.0329 0.221407 -0.795191 -0.770727 0.390028 2.10113 -2.89532 0.535391 
-1.97638 -1.99573 0.0393766 0.908408 2.18724 0.280563 -1.84964 -1.80049 0.884849 
-0.508752 -0.0760071 0.486944 -2.05247 -0.178572 0.73599 1.88449 -2.69351 0.0847243 
-1.78613 0.559135 0.370408 -2.20649 -0.866074 0.348113 0.874904 -0.283622 0.0844891 
1.88739 1.24229 0.276055 -0.731882 2.73742 0.0699842 -1.22195 -1.33552 0.776809 
1.80024 0.179056 0.497447 -2.38772 -0.149834 0.220019 2.72761 -0.61033 0.178206 
1.41258 1.19391 0.288684 -1.89329 -1.07035 0.402991 -2.32569 -2.96742 0.581072 
-2.82216 1.79704 0.200257 0.739465 -2.05627 0.198978 0.795568 3.00296 0.376283 
-0.0612073 0.731661 0.413234 -2.18691 2.88575 0.156439 -2.7624 1.37195 0.209997 
-1.88227 0.249744 0.51641 1.7856 -1.85347 0.185149 2.17994 2.79141 0.288952 
-1.08354 -0.389306 0.290711 -1.8817 -1.67454 0.211164 1.92931 0.822759 0.151223 
1.9585 0.180056 0.967778 1.54385 -3.02801 0.194828 1.32075 -2.34135 0.0708901 
2.52468 -1.95915 0.222201 -2.12377 1.53834 0.445555 -0.89369 -2.936 0.294 
-1.68617 0.60433 0.236763 -1.03899 -1.10919 0.405224 -2.84828 -0.238718 0.390501 
-1.52653 -2.20895 0.139981 -1.69861 -1.97314 0.165929 -1.21172 1.63666 0.572732 
-2.71279 1.51246 0.0986172 -0.391647 -1.113 0.0468673 1.31256 0.182728 1.07953 
2.75888 -1.91811 0.115839 2.52257 2.54675 0.152162 -0.570843 -2.67977 0.100027 
-1.66326 2.19273 0.124658 -2.06416 -1.84339 0.0999664 1.98921 2.49831 0.278871 
1.69521 -0.162516 0.661609 -0.214721 1.48861 0.336611 0.888333 -1.04335 0.510877 
1.81917 0.127252 0.293402 1.81006 -0.696422 0.553543 1.0658 1.51345 0.239279 
1.4811 -2.80878 0.116976 0.773771 -1.08576 0.169468 1.97277 0.96657 0.465728 
-0.31475 0.0875826 0.170995 -2.3456 -0.358912 0.289607 1.28555 -1.90765 0.216691 
-1.68638 -2.52176 0.186284 1.15371 0.508201 0.0871932 -0.702483 -2.21847 0.298337 
-0.712242 -0.308717 0.213532 -1.65928 1.33703 0.35026 2.09629 -2.04251 0.57381 
-2.48285 1.26063 0.115838 1.81366 -1.48059 0.129511 -2.63799 0.366723 0.504421 
0.847525 0.710428 0.226917 -2.12751 -0.438954 0.901776 -0.0324717 2.51099 0.430406 
2.39667 -0.282436 0.0515479 -2.08957 0.0718409 1.08779 0.2074 -0.22724 0.339835 
0.272527 0.605015 0.524529 -2.28848 -0.446786 0.222229 2.43219 -1.81147 0.788925 
1.0486 -0.178385 0.0932243 2.6978 1.71984 0.537566 -0.220032 -0.058588 0.0511379 
-1.29903 1.20515 0.354182 -2.0656 -1.28294 0.286093 1.76588 -2.97128 0.220976 
2.22657 -2.56008 0.0860241 -1.21066 0.286877 1.3099 1.72763 -3.02734 0.397332 
2.11139 0.412352 0.408107 1.09406 -2.03297 0.263079 -2.33588 1.77222 0.326302 
2.04421 -0.929695 0.372905 0.0521255 0.736332 0.2651 -2.03767 0.999919 0.296558 
-0.226138 -0.0681605 0.444225 2.72516 0.218798 1.06358 2.85595 1.08398 0.318364 
0.928476 -0.969979 0.301531 2.34996 1.42177 0.619451 0.934924 -2.14838 0.503264 
-0.900903 -0.104616 0.202437 -1.27579 -1.21531 0.335141 -1.91012 -2.02374 0.249965 
-0.592505 1.4499 0.206547 1.37687 -1.45586 0.215434 2.51388 -0.736539 0.619928 
-2.73884 2.39627 0.12 -2.50625 2.33233 0.128004 2.47383 -1.80645 0.674257 
-0.945613 1.22374 0.0478681 -2.59208 -0.633447 0.305941 -1.62893 2.36779 0.479299 
0.114834 0.224833 0.53885 -2.69214 -2.4294 0.387026 -0.26923 1.15859 0.257468 
-2.90542 0.548549 0.308173 1.90392 -2.74852 0.337939 1.05005 0.0166057 0.180555 
1.29816 -0.273436 0.122447 -2.72449 -0.782984 0.340359 1.38362 -0.44752 0.152909 
0.335211 -2.4223 0.199503 0.327813 1.29281 0.944395 0.408463 -1.42664 0.378112 
-0.670795 -1.74019 0.0685425 -0.993099 -1.17638 0.194639 2.07496 -0.351459 0.536512 
-0.944169 -1.44814 0.0515581 -0.696393 0.642104 0.78937 -2.22876 -0.490309 0.0896578 
1.41467 1.47882 0.0978614 -2.52085 1.48299 0.197432 -0.744072 -1.15767 0.0642276 
0.882205 -0.862415 0.0717506 1.40047 -2.85348 0.17883 2.22719 -2.41826 0.383006 
-2.91523 3.07155 0.102782 1.21576 -2.64261 0.151553 -1.5091 -1.58117 0.507719 
-0.174304 -1.22837 0.0360652 -1.10647 1.62707 0.297079 1.75885 -1.90408 0.449488 
-0.559943 0.508272 0.639322 1.03367 -2.33453 0.103164 0.899854 -1.35504 0.321903 
-2.33984 -1.15673 0.30954 0.29109 0.871237 0.130013 0.0594679 -2.71685 0.158559 
-0.338814 -3.02431 0.237671 -0.659234 2.2088 0.605917 -2.57898 -0.444653 0.535948 
-2.32945 0.793936 0.0744978 1.46287 0.0952895 0.470764 2.78792 -3.12114 0.200263 
2.30913 -2.5115 0.131 0.521013 0.399496 1.06865 1.71262 -1.1334 0.218079 
0.794281 2.24521 0.132964 -0.363358 2.1399 0.0484345 0.42005 2.42018 0.0791468 
-0.119906 2.5879 0.0657458 1.40864 -0.717524 0.333325 -0.114544 2.50575 0.419456 
-1.25915 -0.0869237 0.440498 -2.78164 -0.0581594 0.67277 -1.96748 1.8848 0.619985 
-0.997498 1.28628 0.192785 1.00144 2.74137 0.444921 0.948193 -0.0428148 0.0826381 
1.38259 -0.562215 0.28541 1.02587 0.307199 1.37298 -1.56722 -0.82958 0.346503 
0.0808885 -0.402078 0.481663 -1.44382 0.491586 0.492136 2.93762 1.73386 0.479635 
-1.61168 2.48253 0.367088 -1.83901 0.802876 0.117121 2.79351 2.4961 0.141491 
-1.45996 2.03827 0.39191 -0.229362 -2.92036 0.0799652 1.69574 1.04455 0.141955 
0.885079 -3.0109 0.0943108 -1.74873 -2.09866 0.23665 -0.215899 2.90385 0.283357 
2.92799 1.19321 0.181535 1.69722 0.9281 0.461965 -2.73339 -0.0138051 0.13482 
-0.852864 0.0224453 1.37732 2.45092 -0.371297 0.754669 0.674754 2.70421 0.188674 
-2.56297 -0.0349887 0.0993235 2.6328 3.06178 0.105873 1.65541 -0.663101 0.605956 
-1.17133 2.01256 0.153931 -1.1788 -2.89514 0.178189 2.77005 1.64026 0.446435 
-0.141337 -0.0720822 1.11298 -0.915153 0.350854 0.193072 -1.5298 0.935631 0.561711 
-0.0838963 0.980323 0.293915 -1.67983 0.163358 0.190481 0.498682 0.171904 0.366648 
-0.378936 0.104017 1.18199 0.64564 -2.0202 0.0939656 -1.52464 -3.10851 0.691479 
-2.18432 -0.728769 0.256023 1.16876 -2.20969 0.0945005 -0.932836 0.283756 0.0736848 
1.76928 -2.86673 0.123878 -2.92399 1.93231 0.481696 1.33785 -1.3137 0.0987797 
-1.24815 -1.69045 0.168104 0.117943 -2.94412 0.34352 -2.65658 1.09955 0.0699681 
1.76382 -2.10883 0.307514 -1.65067 1.42878 0.131662 -2.60023 2.18002 0.249975 
2.56543 -0.965453 0.0762986 2.2696 -0.0291887 0.56102 -2.05125 -3.10614 0.465804 
-0.908557 0.258118 0.491364 0.330567 0.919593 0.124421 -2.64091 1.33923 0.0392182 
-2.58912 0.464995 0.525845 0.188923 -1.9596 0.259731 -1.59205 0.371494 0.231686 
0.728615 0.815558 0.563247 0.697907 -1.2791 0.174273 0.274493 -0.280864 0.158507 
-1.81479 1.22282 0.12987 0.211853 -0.202311 0.410586 2.50561 2.00955 0.357131 
1.33979 -2.40076 0.0334951 2.50185 1.85213 0.143659 -1.6459 -1.72131 0.59952 
1.75266 -0.454219 0.345783 -0.195448 2.04085 0.155065 0.150356 0.0363666 0.859095 
-0.246207 1.13153 0.129881 2.62161 -1.47712 0.0521901 -2.87244 0.112642 0.969682 
-2.98559 -0.00932282 0.564144 -1.65944 2.35428 0.231417 -2.5082 0.530689 0.126976 
2.80406 1.99592 0.244532 2.1367 -1.31605 0.264922 0.663503 -2.06057 0.320009 
2.44096 0.699424 0.0420638 -1.68137 -1.59598 0.359844 2.4522 1.34992 0.332652 
2.69987 -1.21054 0.162543 1.04821 0.320741 0.464881 0.55048 -0.841262 0.116482 
-2.46325 -3.01703 0.153406 2.91226 2.66735 0.119232 -2.32405 -2.01705 0.349142 
-2.1885 0.513159 0.301796 -1.33736 -0.578735 0.345729 0.779334 -0.642082 0.122743 
0.187825 -1.46743 0.133523 -1.75745 3.08884 0.204208 1.15594 -0.907003 1.02999 
-0.583092 0.105246 0.785097 -1.6706 -1.20533 0.196862 2.98832 -0.98346 0.563841 
1.19996 1.65876 0.265206 0.306559 -0.636388 0.187856 1.44468 -0.769248 0.318627 
0.438254 0.0240398 1.19121 -1.07564 -0.614254 0.695717 1.30739 -1.90665 0.174287 
-2.6857 -1.67017 0.115601 0.159277 0.195318 0.0571874 -2.6978 -0.806615 0.420741 
0.637839 -0.100836 0.489996 -0.0846353 -2.46666 0.220159 0.334364 2.69021 0.448914 
0.730682 2.78858 0.292744 -0.80181 2.56912 0.142698 0.500795 0.412468 0.120785 
-0.168056 -0.845763 0.231218 0.0170612 2.70545 0.173903 -2.16302 0.735548 0.210052 
-2.69333 0.52192 0.112569 -1.92996 -0.726098 0.409659 -1.01174 2.37357 0.0578133 
0.318117 0.23996 0.757983 -1.4416 -2.89121 0.297133 0.306061 1.23349 1.28238 
-2.31286 -1.40524 0.077797 2.36334 -1.04705 0.46283 -1.96892 0.273036 0.221379 
-0.0663423 -1.09825 0.212623 -1.28389 -3.07376 0.0704585 0.538459 0.085645 0.5482 
-2.92566 1.35661 0.234786 -3.01488 -0.194058 0.29164 -0.757452 -1.95765 0.229429 
-2.20896 0.699481 0.179867 2.29571 1.7633 0.299178 1.44718 2.42057 0.158802 
1.31933 2.9801 0.26425 -1.81466 -2.79907 0.100512 -2.24906 0.529699 0.0914564 
-0.936687 -0.66147 0.0688614 -1.85049 -1.01945 0.203509 -0.501309 -2.23757 0.129673 
2.03568 -0.474295 0.0993235 -0.0651843 -1.2993 0.330018 -2.32746 -2.14907 0.20174 
-2.60396 0.268409 0.0304107 -0.0637879 -1.37843 0.273764 -0.909939 -0.27952 0.351906 
0.199413 -0.0221508 1.87465 2.95719 -0.0144242 0.136491 -1.0333 0.774273 0.653477 
1.91737 -0.42787 0.25568 -0.971232 -0.0687788 0.228956 -1.6453 0.283421 1.07258 
2.34622 -1.18532 0.222092 -1.09024 0.913239 0.143085 -1.61108 2.97123 0.503961 
-2.02691 0.0317687 0.454173 2.71877 -0.139191 0.599027 0.740707 -0.64307 0.437292 
0.463051 1.84131 0.217978 -2.12718 0.325193 0.131291 2.97457 -1.30242 0.619604 
2.80219 -2.10761 0.333329 0.320352 0.639641 0.010026 0.435981 -2.80223 0.214069 
0.921929 -0.589096 0.733469 -2.791 0.697215 0.107258 -1.40759 -1.43839 0.119495 
1.60765 -2.20761 0.0745762 -2.37049 -1.89065 0.456392 -0.0336252 0.907279 0.119706 
-2.50148 -0.965721 0.092233 0.992779 -0.868827 0.104969 -2.31483 -0.726707 0.474826 
0.627083 2.25069 0.142696 1.15912 -2.84852 0.0891682 2.98051 -2.60007 0.290586 
1.72312 -0.977591 0.196636 0.441168 2.63562 0.183677 -1.37738 1.10197 0.544329 
-1.86182 1.25267 0.200879 1.86566 1.26783 0.396696 2.82537 -2.29101 0.209672 
1.30262 0.530316 0.0864748 2.53917 -0.151948 0.187209 1.42516 -2.28467 0.0942205 
-0.213978 2.97139 0.249693 1.51879 0.976398 0.210915 -2.50594 2.90968 0.159139 
2.14477 -0.835709 0.083563 -0.676581 -1.26135 0.446563 -3.03473 -1.93588 0.141607 
-0.21098 2.76638 0.215283 -0.555608 -0.445295 0.131847 -2.87094 -2.55445 0.236578 
-2.71811 0.658277 0.371253 2.14014 -0.488084 0.205798 1.35684 0.549085 0.198816 
2 -0.321773 0.258995 -2.65201 -2.6794 0.120293 0.793549 1.63195 0.376635 
-0.116805 0.267785 0.313186 0.328912 0.046414 0.474836 1.03881 -0.686949 0.922984 
-0.885342 0.532176 0.140116 -0.403188 -0.587488 0.636618 2.56143 2.23286 0.585069 
0.441511 -1.15577 0.168727 -2.70941 0.12477 0.75853 2.0139 1.76011 0.341055 
-0.39641 0.0562928 0.31463 -1.34641 -0.665624 0.101377 -2.76585 0.378417 0.737157 
-1.84547 0.119986 0.433889 2.78802 -1.50218 0.304272 0.468751 -0.717399 0.438826 
1.35579 -1.20502 0.0567243 1.16654 0.237607 0.200485 1.15757 -0.255756 0.734275 
-2.44407 -2.77565 0.186406 1.20247 -2.77894 0.0372431 2.97945 -0.77489 0.143592 
1.39346 1.63162 0.378612 -1.43334 0.315338 0.0930335 -0.378128 2.69843 0.0724625 
2.42462 -0.334296 0.0982929 1.77 -0.530292 0.531234 0.896376 1.65161 0.389908 
2.33728 -1.2803 0.248797 -2.62456 1.0375 0.426154 2.05286 1.77527 0.228803 
-1.24659 1.13082 0.405702 -1.89441 -1.16974 0.166455 1.17679 1.84084 0.119817 
1.18233 2.52053 0.196972 0.693286 3.0404 0.103186 -2.83586 1.19701 0.322406 
-0.977713 0.0917281 0.362856 -0.953296 -1.25665 0.285956 2.04845 -0.436995 0.214167 
-2.60803 0.896498 0.295632 2.97167 0.720757 0.199464 -2.99819 -2.28807 0.785227 
-1.86843 0.995065 0.391195 1.35985 -1.47701 0.680005 -2.76441 -0.107387 0.177056 
-0.63391 2.29771 0.203492 -0.214879 -1.87355 0.629662 1.52043 2.05784 0.0781671 
0.272792 2.28653 0.258174 0.326329 -0.860684 0.131384 -0.674616 -2.09723 0.239422 
-1.60605 0.148021 0.447212 -1.94256 1.10628 0.361495 -2.75727 -1.56573 0.286669 
2.4923 0.832894 0.0827267 -0.163333 -0.852297 0.54814 0.691057 -0.628231 0.39749 
-1.2142 0.0758226 0.3935 -1.45641 1.29061 0.181709 1.67878 2.68379 0.412188 
1.46055 -1.1001 0.134941 -0.625007 -1.48746 0.418228 1.32246 2.07976 0.171666 
1.36286 0.430622 0.514891 -1.75918 1.71722 0.343096 0.19161 -1.72163 0.0624289 
0.892608 -0.403327 0.263057 2.51815 -1.7917 0.105236 -1.70219 0.222045 0.136696 
-2.93572 -1.08946 0.2961 0.311979 2.60441 0.273944 -0.229547 -1.62949 0.332097 
1.25749 1.07246 0.118199 -0.142169 0.823896 0.284381 -1.61055 -2.17785 0.762441 
-2.79224 0.167042 0.0971894 1.66301 -2.65237 0.117192 -1.67873 1.17081 0.539728 
-0.316639 -0.993364 0.199164 -0.559518 2.63238 0.346408 -1.67757 -1.2816 0.146447 
-2.03515 0.354029 0.525045 2.86787 -1.72242 0.288985 0.724499 0.210616 0.824623 
0.299313 -2.38014 0.0647448 1.22991 1.52583 0.136696 -2.21161 -0.692177 0.724148 
1.72615 0.765697 0.195401 -1.48123 -0.240783 0.0707735 0.109995 -2.63142 0.45036 
2.69531 0.489147 0.0598269 1.11157 -0.263028 0.380433 -2.14028 -0.684809 0.432963 
0.198645 0.70487 0.560412 2.97628 -2.33443 0.392436 -2.40424 1.77022 0.121539 
1.99635 2.08891 0.204473 -2.57232 -1.78151 0.494751 0.660692 1.81894 0.292676 
-1.3453 3.08956 0.179781 1.96229 -2.03725 0.103902 0.663727 2.51695 0.224169 
0.160574 0.353632 0.690393 0.365677 -2.01184 0.145831 1.96883 1.14395 0.228023 
0.773383 0.797936 0.220878 -2.76437 2.22495 0.280531 0.627596 -1.12602 0.138101 
1.21791 1.7119 0.228679 0.568241 -0.133998 0.302644 -2.50086 -0.812942 0.258156 
-0.671907 -0.139496 0.720924 -1.9835 0.254555 0.599933 -2.45891 -0.423781 0.261533 
0.0780347 -0.0965575 1.08993 -0.4971 -2.25775 0.140331 0.59732 1.97212 0.690983 
0.238882 -1.26013 0.0671519 1.03542 0.981282 0.619499 -2.08721 0.557288 0.0298509 
1.82683 -1.35779 0.213114 2.23575 2.57673 0.307397 -1.0187 -2.9705 0.182729 
-1.86616 2.1767 0.104496 -2.31551 1.21311 0.110905 -2.3186 -0.649634 0.424451 
2.2753 0.553619 0.323675 0.41326 -2.25086 0.0499849 1.00718 -0.570155 0.318819 
-1.85401 -0.576439 0.0136572 0.167992 -0.109503 1.19122 2.48228 0.0575171 0.403943 
0.724401 -0.332687 0.683762 2.35664 -2.01003 0.0628576 1.86638 2.9579 0.334995 
1.73182 2.19503 0.021564 1.52109 2.21138 0.198595 -2.30873 -0.596675 0.204455 
-2.67427 0.22603 0.285231 1.78389 -2.69697 0.179435 1.68836 0.177032 0.564358 
0.539522 -2.16103 0.141653 -0.239708 -0.677401 0.0599618 1.38586 -2.58907 0.280046 
-2.11032 2.20649 0.0559173 -1.24267 -1.48258 0.100051 1.90977 2.18635 0.302435 
0.157479 2.00831 0.0925331 -0.017566 0.546264 0.470985 1.64654 2.66968 0.257307 
-0.969482 -1.76276 0.087685 0.683401 0.266568 0.883389 -1.33811 -0.0352331 2.67788 
2.77022 -2.04379 0.0759561 -2.40371 1.09098 0.652216 2.84191 -1.52945 0.183061 
-2.09813 0.368577 0.351395 0.355094 -0.469479 0.829285 -2.61419 1.22503 0.126314 
-2.97972 2.39702 0.113406 2.4017 -0.916447 0.843069 1.06107 2.30476 0.0884999 
-0.283614 -1.53798 0.520816 -1.99875 0.242418 0.0873866 -2.91648 2.1839 0.102913 
-0.436019 -2.24597 0.0788645 1.74295 0.819314 0.0499143 -1.04467 -1.06341 0.538816 
-1.96303 -0.887902 0.196675 -0.613231 0.854377 0.64883 -2.61033 0.442567 0.0855458 
1.87986 1.75813 0.247064 -2.66536 2.04137 0.228826 -2.82771 -1.49231 0.234109 
0.273113 0.540279 0.488616 -1.94607 -2.89989 0.182986 -2.71097 0.433814 0.51332 
-1.363 -1.31263 0.311616 1.8142 3.10658 0.201907 -1.82728 -0.978066 0.305858 
-1.08211 -1.57337 0.357173 0.669044 0.191605 0.136562 1.37412 -2.50716 0.228159 
1.81067 -0.732499 0.223318 -2.9012 2.06561 0.24589 1.9168 2.43005 0.109333 
2.93309 1.93726 0.0333878 1.32221 -0.569342 0.155134 -2.24287 2.4926 0.410611 
-0.65962 -2.55772 0.232586 1.36314 2.22408 0.256514 -0.873872 1.80694 0.392371 
0.839846 1.65001 0.379778 -2.5146 -0.920195 0.162594 -2.34153 -0.020002 0.17714 
1.52744 -1.21302 0.0520899 -0.296512 -0.995967 0.262672 -1.45747 -1.52527 0.436483 
2.85544 -0.986386 0.257369 -2.21923 -1.23363 0.0817179 0.979303 0.524508 0.203747 
-1.2255 0.6821 0.417217 -2.44437 -1.14537 0.200758 0.538071 2.04139 0.052212 
1.85545 -1.61209 0.252272 0.37932 0.724049 1.03861 -2.42478 -2.79815 0.284866 
0.2496 -1.08182 0.129067 -1.13919 0.539645 0.473275 0.902455 2.10761 0.425532 
1.16161 -0.285056 0.0307824 -0.355009 -0.319419 0.209106 -1.75446 0.895128 0.801315 
2.77233 0.672548 0.397134 -2.54238 -1.87965 0.290221 0.445539 -0.181705 0.0873588 
-2.10799 -1.24467 0.238303 2.64929 2.10822 0.715031 0.297039 -2.34859 0.0414342 
-2.40347 0.49345 0.131239 -0.0887341 -2.89853 0.328531 2.76808 0.0700982 0.30353 
-1.48493 -0.680899 0.283773 1.76714 0.546158 0.1194 -0.198951 -2.43444 0.181477 
-1.53592 -0.627855 0.446998 -0.240145 1.63977 0.259605 0.774501 -0.157683 0.154364 
1.79286 -1.76417 0.259814 1.26634 2.05817 0.39482 2.81691 -1.28273 0.270389 
0.0411657 2.32975 0.450982 1.3367 2.17432 0.0616939 -1.1526 -0.197154 0.136891 
0.986714 1.52233 0.320859 -0.205151 -0.642582 0.263428 1.93575 -2.84722 0.254752 
2.02536 2.45942 0.0669954 1.66429 1.18372 0.342795 -2.56296 -0.288382 0.17406 
-1.11498 -1.76754 0.0995658 -1.13629 0.622377 0.528592 -0.511036 0.233566 0.372227 
-0.242231 1.10141 0.0411589 0.945171 1.37687 0.399929 -1.49213 0.441624 0.299953 
0.115956 -0.00360769 1.42731 -0.221306 -1.74292 0.252077 -2.07028 -1.03507 0.487848 
2.22615 -1.15482 0.100681 -1.6315 3.08409 0.29562 0.587388 -0.2658 0.192972 
0.278245 0.837446 0.240065 -0.568593 0.14339 0.287731 -0.110502 -1.71398 0.374356 
0.167413 0.101803 0.6597 0.158043 -0.214633 1.78796 -0.84851 2.04998 0.0513167 
0.361616 0.886634 0.150632 1.56151 -0.733796 0.370537 0.68514 0.534962 0.72984 
1.73163 -0.589235 0.114646 -0.18043 2.40813 0.13985 1.32067 -1.41004 0.144317 
0.290568 0.77918 0.144791 -0.828889 -0.791443 0.283308 2.1586 2.36762 0.262922 
-1.97448 -2.12125 0.109197 -1.19105 -0.309218 0.0910234 0.553717 2.33541 0.0516373 
2.71507 -1.09828 0.43641 -2.58491 2.3231 0.284285 1.97329 -0.961079 0.0972893 
2.38523 2.06101 0.111154 0.320035 -1.75105 0.363155 0.0959055 1.83938 0.156618 
0.473782 0.568216 0.248968 -0.605421 0.251703 0.282947 -1.24062 0.519976 0.351228 
0.77871 -0.306593 0.46304 1.63549 0.538774 0.629761 0.119369 -1.6013 0.0474311 
-0.059751 0.0655222 1.12478 -1.27367 -0.687766 0.431107 -1.36061 -0.840524 0.481917 
-0.158542 -0.441406 0.156925 -0.304513 0.00923432 0.0536012 0.687601 0.861475 0.494368 
-0.790218 1.35708 0.329494 -1.68255 -1.65912 0.446764 1.66288 -0.224013 1.21361 
2.28108 -1.63701 0.584407 1.37838 -0.21559 0.0923744 -0.99431 -0.674921 0.029801 
2.02453 -0.0926436 0.154412 -2.6205 -0.435007 0.170852 2.50983 0.414785 0.110156 
0.00753212 -2.65 0.304287 2.00172 2.03651 0.155469 -1.32761 1.45529 0.223093 
-0.992964 -1.95027 0.221221 0.837043 2.32236 0.234108 -1.37654 -0.68067 0.137578 
-0.319303 -2.56522 0.155454 -1.908 2.19698 0.31274 -0.904836 -3.04037 0.255472 
-0.476139 0.260404 0.146548 -1.10843 2.60857 0.191355 -2.44305 -1.80121 0.235727 
-1.35334 -1.13392 0.105018 1.00053 0.0805451 0.15833 -0.807328 -0.263988 0.351875 
-0.0264555 0.399291 0.45383 1.97691 -0.180131 0.392317 1.45983 -0.80644 0.0810242 
-1.52432 -0.124261 0.0417035 -0.23368 0.112483 0.443673 2.54894 2.92198 0.0173426 
-0.97841 1.24777 0.0691078 -1.71138 1.94591 0.405013 2.21617 2.08875 0.243418 
1.25852 0.688101 0.303931 -0.791139 -1.32077 0.837094 -0.948565 -1.41131 0.186425 
0.38275 0.312375 0.49915 -1.23722 0.674701 0.558248 -1.44018 0.199743 0.046711 
-0.646562 -0.595678 0.433133 -2.64515 2.52058 0.11919 -1.89106 0.232558 0.667803 
0.822957 0.787077 0.315627 -2.94373 -1.49407 0.112715 -0.822074 1.48666 0.401386 
2.48109 0.121369 0.0962993 0.417686 0.254147 0.552738 0.303956 0.0417081 0.244266 
-2.5909 -0.160298 0.121043 1.19278 0.509293 0.317672 2.5263 -0.262467 0.410455 
-0.446316 2.01831 0.301087 2.60761 -1.68162 0.0309131 2.62006 -2.32241 0.037745 
0.144375 -0.456909 0.10592 -0.332296 -3.03373 0.494002 -2.77196 -1.28946 0.0939445 
1.22048 -0.924461 0.213717 1.01187 2.43265 0.310615 1.24876 -1.88365 0.294894 
-2.05406 -0.835367 0.0977102 0.136708 -0.00682908 0.714693 -1.85234 1.93872 0.587153 
-2.00968 1.485 0.0607033 2.64982 -0.406772 0.518788 -1.31203 1.77259 0.0941027 
1.05597 0.392324 0.0676136 -2.173 1.69311 0.341848 0.0018243 1.80433 0.166508 
1.43973 0.0919205 0.187844 -1.71599 -0.365496 0.171489 2.67137 0.97345 0.458552 
-0.02437 -0.219406 0.33194 2.98484 0.0129266 0.862949 0.058181 2.28035 0.11734 
-1.37211 0.0343974 0.104983 1.11442 -0.940521 0.201973 -1.47428 0.98405 0.216247 
0.118451 -1.72153 0.287128 2.1852 -1.54829 0.185327 0.0224353 0.245465 0.109908 
-1.2692 0.686844 0.4371 1.5806 0.187659 0.0645602 -2.45344 -2.38808 0.0723642 
-0.0793305 -1.5212 0.582612 1.14968 -1.51202 0.0831242 -2.00109 1.14868 0.086421 
-1.4794 0.937447 0.174019 -1.53946 -1.82539 0.256769 2.75985 3.03071 0.175832 
1.42154 -0.59443 0.549726 0.446853 1.60021 0.0412826 -2.16419 2.61875 0.210057 
-0.207811 -2.21448 0.314712 1.26185 2.01651 0.0640096 -0.678641 0.547638 0.34658 
-0.712606 0.370227 0.333964 0.769066 -1.36931 0.372476 2.1376 -2.54266 0.206197 
-0.482078 -1.14996 0.0575431 2.53325 -0.407746 0.439155 -0.753908 0.32817 0.267801 
0.30075 0.00940959 1.35607 -1.5727 -2.60265 0.252254 -0.865939 1.80093 0.540947 
0.566841 0.334308 0.743283 -1.47708 -1.67164 0.146788 -2.41067 -0.755453 0.169282 
0.0893972 0.424139 0.208552 -0.811508 -1.40157 0.41377 1.01016 -0.920239 0.114417 
-2.78815 -2.23907 0.151698 2.19009 -1.01321 0.261148 0.549098 1.60045 0.0900402 
-1.56805 1.55366 0.199768 0.903646 -0.991953 0.0677591 1.7113 2.04959 0.257077 
-1.87802 2.96769 0.0694563 1.05283 -1.86697 0.341227 0.52215 0.290449 0.416054 
-0.28522 0.295266 0.627102 1.19129 -1.72663 0.145034 1.82106 0.831692 0.257665 
1.184 0.0858204 0.292718 -0.743063 2.77425 0.108234 -2.92377 -0.221087 0.064072 
0.140541 0.369896 0.454013 1.23581 -2.49155 0.204447 0.54334 0.520428 1.0219 
-2.74059 -0.219557 0.167668 2.89039 0.111262 0.552026 -2.2692 -1.97591 0.487972 
0.191599 0.492701 0.572279 -0.0791048 -2.90698 0.383524 2.25054 2.81444 0.865023 
-0.167206 -0.141283 0.303642 0.587989 -1.81538 0.161782 -0.996009 0.846359 0.715419 
-1.60726 -2.37186 0.0216133 0.19067 0.90406 0.366104 0.862027 -2.17015 0.451337 
0.0889769 0.338401 0.33247 1.53699 1.50641 0.27416 2.28007 -0.391511 0.291275 
-1.194 0.288195 0.534353 2.74502 -1.53319 0.19547 -2.23359 2.31999 0.0399357 
0.551743 -0.160027 0.506014 -1.52894 1.26501 0.423175 1.2037 3.10214 0.250625 
-1.32446 2.65876 0.238278 0.388707 -1.32093 0.115536 1.50916 0.523254 0.136187 
-0.0782841 0.0314002 0.125434 2.17571 1.34554 0.142676 1.09079 -2.80111 0.559475 
-1.02515 -0.652044 0.23478 1.11162 0.640084 0.10343 -2.30053 2.04795 0.4393 
-0.131623 2.83143 0.0567835 -1.24399 -2.56004 0.219751 1.32444 -2.24977 0.418222 
0.540607 -0.527248 0.155576 0.153377 -2.84045 0.318414 1.60635 3.01961 0.134583 
2.80747 -0.0320061 0.11037 -1.523 0.425203 0.202227 -0.552274 0.222525 0.91704 
-2.88687 -1.38287 0.172648 2.81616 -2.67733 0.186339 -0.00268774 -0.495941 0.229112 
-1.53287 0.568323 0.481235 1.58278 -1.13778 0.316932 1.06104 -0.717673 0.0736895 
1.40533 0.218553 0.23989 -1.0314 -1.54646 0.376454 -2.09134 0.507926 0.266449 
0.308459 1.44386 0.234915 -0.64672 -2.96753 0.20682 -0.984261 -2.25351 0.434771 
1.81445 -0.699223 0.242942 -1.71111 2.24973 0.1827 -0.0794368 -1.56936 0.600579 
-2.93457 1.91216 0.140525 2.33248 -1.52837 0.0827915 -2.139 -0.868057 0.0255289 
2.43094 -0.00331717 0.0944856 -0.328557 -1.6772 0.310345 -1.5422 -1.99772 0.23849 
0.695688 -1.45512 0.122392 2.52952 0.162226 0.211657 -1.81902 -0.532204 0.147012 
0.761109 0.158652 0.190449 0.301874 0.66016 0.342737 1.91657 -0.757006 0.505227 
-0.783847 -0.146712 0.287833 1.61997 2.73927 0.222268 2.88223 -3.01745 0.288348 
0.889679 0.495616 0.182168 1.49272 -0.445898 0.483224 2.66949 0.859216 0.280917 
-2.30856 0.180498 0.784512 1.48044 -0.598889 0.397317 2.66955 0.236378 0.456173 
-0.45339 2.66585 0.101026 -2.77142 0.625879 0.0504333 2.50376 -1.36645 0.622789 
-1.3441 -2.05152 0.398737 2.05698 0.05393 0.0968104 -1.48716 -1.85796 0.161389 
1.63934 0.323603 0.069467 -0.311324 1.81152 0.180954 -1.62551 0.503621 0.19419 
0.637251 -0.333957 0.627782 -1.64744 -2.72233 0.195326 1.4007 0.142087 0.227448 
0.884504 2.04946 0.0570784 0.459069 -1.23374 0.0861392 -2.7936 1.52632 0.494195 
0.37449 -0.23709 0.141125 -0.431354 -2.75234 0.0364147 1.7295 0.631935 0.268622 
-2.48286 1.04627 0.131751 -0.732129 2.05552 0.0876723 1.45222 1.22185 0.0977041 
0.496829 0.411964 0.22822 0.233719 0.169288 0.373481 -0.770189 -0.804819 0.242254 
0.494675 -1.03908 0.0780066 -0.869592 -0.578043 0.228398 -1.66278 2.67371 0.0906333 
2.44905 0.820202 0.0478203 -1.06501 -0.967886 0.168734 -1.495 2.44233 0.206401 
0.0149012 1.5533 0.248335 2.7589 2.64331 0.0760559 -0.437596 -2.60274 0.0233352 
0.190632 0.348102 0.782266 -1.18574 -2.9099 0.222613 1.62139 -2.80757 0.12119 
-0.969422 -0.466472 0.166212 2.85414 1.14037 0.0757744 0.342612 -1.0445 0.33801 
-0.00527795 1.57591 0.278535 -1.46716 0.889686 0.0057577 0.488783 1.88395 0.16991 
-0.229285 -0.894506 0.407699 -0.957658 0.105999 0.0987415 -2.10302 -0.82561 0.224876 
-1.57314 0.504145 0.127734 -2.72376 0.320319 0.283369 0.0225124 -2.1181 0.149313 
0.0175173 -0.0539901 0.602467 2.42498 2.67441 0.222706 -2.68353 -2.02298 0.803903 
-1.69921 -0.349318 0.399206 1.63755 0.213135 1.50359 0.334758 -0.781589 0.0571932 
0.408398 3.0231 0.173374 -1.44132 0.969774 0.205772 2.44402 -2.49135 0.0784377 
-0.813369 1.10064 0.0343936 1.18432 2.46774 0.0359556 -0.0933523 -0.930178 0.264384 
0.67368 0.197605 0.425498 0.456947 1.16272 0.385441 1.82768 -2.65473 0.250741 
0.0586692 0.281887 0.110394 1.3134 0.131642 0.940188 0.0890489 -2.18574 0.233643 
-2.53979 0.0437841 0.225868 2.10796 -0.277074 0.633667 -1.05602 2.3286 0.446217 
-0.194516 -2.95153 0.0199271 1.3475 -1.2735 0.0486319 -1.90287 0.859928 0.822497 
2.02402 1.73548 0.228478 -2.31728 2.6453 0.213026 -1.30272 -2.9671 0.137142 
-0.773434 -1.11701 0.351341 1.50795 2.84526 0.135099 -2.22237 1.40184 0.266726 
-0.132353 -0.556649 0.129905 0.0922209 -1.23147 0.305538 -2.91701 1.97681 0.627972 
-1.37145 0.776634 0.0749195 0.947107 0.315801 0.710217 -2.68643 0.285324 0.219773 
-0.937688 -0.848606 0.292382 -1.03373 2.01424 0.231631 -1.57627 -2.89658 0.108913 
-1.62384 -1.57198 0.158908 1.93288 1.95958 0.215397 -2.34859 0.251715 0.284299 
0.406028 -0.128558 0.635725 -2.74698 0.349977 0.0344281 2.61548 -1.75351 0.498353 
0.185766 0.589942 0.507491 -2.77353 1.4557 0.216847 0.221719 1.94309 0.192133 
0.587762 -0.338818 0.477539 -1.38774 1.32141 0.159441 2.36889 -0.445022 0.582436 
-0.798562 0.273629 0.444211 -0.713172 0.933602 0.060657 2.3517 0.0977337 0.260008 
0.1632 1.20813 0.119651 -0.281243 2.33784 0.237814 2.19611 -0.353806 0.0427472 
1.08814 -0.775692 0.0639414 -2.28659 2.71589 0.192431 0.667055 0.486728 0.399964 
0.687892 -0.865556 0.28987 -1.48267 0.653466 0.468638 2.76773 1.81952 0.635805 
-0.992344 0.494675 0.181418 -2.89759 -1.75453 0.17811 1.78166 -0.696514 0.713621 
2.22568 -1.42296 0.218831 0.621254 1.53796 0.632585 -2.38227 -2.33303 0.310818 
-2.03417 1.83593 0.0515211 0.335219 -0.9064 0.734701 0.514953 0.525926 0.156947 
-2.98477 0.0989286 0.407539 2.46462 0.76593 0.40795 -2.24148 -0.0332442 0.345877 
2.13221 -0.703255 0.127832 -2.33692 0.712517 0.627688 -2.12341 -1.89023 0.410344 
0.725745 0.832907 0.4918 -2.80258 -1.00316 0.175882 -0.927859 -0.474588 0.152822 
0.715497 -1.27132 0.0715312 0.140716 2.50298 0.222692 -1.12107 2.43864 0.139267 
-0.313887 -2.8893 0.203404 -1.04007 2.16338 0.131066 0.735868 -1.57259 0.37316 
-0.927395 0.177334 0.330703 -1.27265 3.049 0.0675188 0.237281 1.03101 0.287668 
1.90648 0.309245 0.181828 -2.50992 1.52681 0.151969 -1.46793 0.136848 0.176681 
0.637888 -0.187534 0.259315 -1.6105 0.776127 0.374249 1.22549 -1.2189 0.514453 
0.190308 0.345363 0.356509 -0.798948 -1.61069 0.185682 1.87699 0.109824 0.770263 
2.33319 0.805347 0.122592 -0.864887 -0.0957069 1.3191 -2.24066 1.81795 0.108232 
-2.91349 -2.48623 0.173553 2.88057 2.06476 0.221153 2.11829 1.98345 0.083505 
-1.18439 -2.07026 0.137653 0.606271 0.125763 0.44323 -1.6791 -1.20832 0.084233 
-0.554936 0.01295 0.267895 0.321123 0.964109 0.165551 -1.6288 -0.801171 0.200001 
0.597413 -2.19799 0.0736184 -0.160265 2.37688 0.0917349 2.07453 -0.0871499 0.576058 
-0.0315133 1.36158 0.10779 -0.420657 -1.44129 0.14388 1.92856 -0.0275178 0.400398 
0.946324 -1.73621 0.0346407 -1.0103 0.553129 0.220279 1.84461 1.47188 0.20996 
-0.597932 -0.61284 0.0831893 1.19442 -0.166665 0.250807 -2.80976 1.40573 0.112772 
2.35887 1.29627 0.0890989 -2.77632 -0.859814 0.257931 2.40123 2.37174 0.0896525 
-0.168339 1.43281 0.177641 -0.776585 -2.05418 0.139859 0.409429 1.49773 0.469075 
2.03688 2.46064 0.15171 2.8142 -2.29876 0.228852 -1.76657 0.409889 0.652982 
0.265264 0.495134 0.259174 0.867096 -0.534633 0.425284 -1.19773 1.98038 0.117721 
-2.04676 0.0679346 0.238024 2.94582 0.459079 0.748366 -2.29777 2.44063 0.00928774 
-0.140397 -0.0835222 1.05023 -0.0510395 0.648981 0.566948 1.53476 0.971071 0.375709 
0.536794 2.72421 0.123505 2.2868 -1.50857 0.111845 -2.52569 -0.661019 0.446276 
-1.49342 0.301007 0.14027 1.80895 0.436636 0.224223 -1.09329 -0.567234 0.22387 
0.62412 -1.66331 0.149469 -0.0628849 0.797744 0.255754 -0.884133 0.17342 0.266361 
1.76175 2.45984 0.0886025 -0.997696 -2.01939 0.301585 -1.8686 0.778959 0.595042 
-1.78767 -2.01568 0.180797 1.34681 2.59693 0.199947 -0.439658 -0.432496 0.102292 
0.209405 0.295463 0.417214 -1.56574 -0.817296 0.169929 1.13108 -1.3874 0.333248 
